x y width height conf
0.6554463505744934 0.7853916883468628 0.03753209114074707 0.032074153423309326 0.3239622414112091
0.7646292448043823 0.7589067220687866 0.025242507457733154 0.02188551425933838 0.29215875267982483
0.7136716842651367 0.4867764413356781 0.03128194808959961 0.029634177684783936 0.29212236404418945
0.529155433177948 0.529836893081665 0.02219676971435547 0.019275248050689697 0.27645164728164673
0.8420780897140503 0.7936139702796936 0.02725929021835327 0.02735912799835205 0.25679895281791687
0.5512504577636719 0.8092994689941406 0.02465897798538208 0.023021340370178223 0.24441400170326233
0.5075852274894714 0.5860581398010254 0.03705492615699768 0.04467552900314331 0.24290373921394348
0.6062237024307251 0.8065168857574463 0.03597700595855713 0.03027743101119995 0.2313997596502304
0.5289972424507141 0.5299243927001953 0.027393698692321777 0.024174392223358154 0.22824066877365112
0.8467018008232117 0.5629761815071106 0.02757549285888672 0.03042161464691162 0.22550520300865173
0.7392455339431763 0.64380943775177 0.030501723289489746 0.030043423175811768 0.21342304348945618
0.5905413627624512 0.5055555701255798 0.022792279720306396 0.01974305510520935 0.20740339159965515
0.5512973070144653 0.8093259930610657 0.02905827760696411 0.028136491775512695 0.20347203314304352
0.8217166662216187 0.612170934677124 0.028912723064422607 0.02863234281539917 0.2025170624256134
0.7782531976699829 0.535015344619751 0.02147352695465088 0.019727110862731934 0.19152015447616577
0.7904605865478516 0.7128337025642395 0.03279399871826172 0.03379666805267334 0.18890061974525452
0.7734801769256592 0.5121968388557434 0.02334827184677124 0.021916747093200684 0.1754198968410492
0.7524187564849854 0.7298840284347534 0.028249084949493408 0.02536076307296753 0.17302905023097992
0.5907908082008362 0.5058082342147827 0.027511239051818848 0.02397403120994568 0.1722501516342163
0.5812747478485107 0.882790744304657 0.03190571069717407 0.0282440185546875 0.1720384657382965
0.32286375761032104 0.2864955961704254 0.017383962869644165 0.015447497367858887 0.1589413285255432
0.7391594648361206 0.645803689956665 0.03287619352340698 0.032081663608551025 0.15774427354335785
0.821525514125824 0.6107457876205444 0.030862808227539062 0.03127753734588623 0.13412229716777802
0.7396537661552429 0.6691410541534424 0.035065650939941406 0.022494018077850342 0.1281781643629074
0.5779439210891724 0.7426847219467163 0.023224830627441406 0.021601855754852295 0.11884003132581711
0.45459526777267456 0.63398277759552 0.025642186403274536 0.02506256103515625 0.11113983392715454
0.7393798828125 0.6429795026779175 0.03134185075759888 0.031286537647247314 0.10674504190683365
0.5287826657295227 0.5302907228469849 0.033782958984375 0.02934706211090088 0.10643327981233597
0.8538616895675659 0.6870513558387756 0.017221033573150635 0.01745915412902832 0.10294496268033981
0.513093888759613 0.7074182033538818 0.029669374227523804 0.02755790948867798 0.10060327500104904
0.8450466990470886 0.5634641647338867 0.03533935546875 0.0341796875 0.09471052885055542
0.4552066922187805 0.633831262588501 0.020574957132339478 0.020774900913238525 0.09104187041521072
0.7397521138191223 0.6537690758705139 0.03766036033630371 0.045185208320617676 0.08856591582298279
0.5897526741027832 0.5053975582122803 0.02962857484817505 0.02718055248260498 0.08784747123718262
0.7734947204589844 0.512833297252655 0.03001272678375244 0.02840515971183777 0.08730022609233856
0.7912105321884155 0.712243378162384 0.04081302881240845 0.03923344612121582 0.08505457639694214
0.7775623798370361 0.5360476970672607 0.02557241916656494 0.025065302848815918 0.07139602303504944
0.5777362585067749 0.742088794708252 0.0303766131401062 0.02890932559967041 0.07011955976486206
0.9862481355667114 0.7689276933670044 0.02213650941848755 0.02242380380630493 0.06803397834300995
0.5515217781066895 0.5724731683731079 0.028488457202911377 0.02582681179046631 0.06733700633049011
0.824275016784668 0.6111066937446594 0.035120368003845215 0.03552865982055664 0.06645402312278748
0.3230959177017212 0.28687500953674316 0.02214914560317993 0.019482791423797607 0.06372395157814026
0.8439218997955322 0.7937027215957642 0.03411144018173218 0.033113837242126465 0.06114155054092407
0.8545389175415039 0.68603515625 0.021740734577178955 0.023886680603027344 0.05724266916513443
0.7900558710098267 0.4564189314842224 0.014627814292907715 0.013930410146713257 0.05595225840806961
0.814786434173584 0.5971320867538452 0.030739426612854004 0.03051358461380005 0.05592891573905945
0.7532788515090942 0.7310546040534973 0.03633683919906616 0.029230833053588867 0.0558403842151165
0.8462966680526733 0.6017439365386963 0.017869174480438232 0.020943820476531982 0.05554727464914322
0.7110130786895752 0.7353197336196899 0.029614925384521484 0.029421746730804443 0.0552767738699913
0.8169949054718018 0.6036175489425659 0.033927738666534424 0.04097980260848999 0.054939594119787216
0.7101578712463379 0.48539015650749207 0.04019242525100708 0.037256062030792236 0.05237280949950218
0.46955060958862305 0.9292834997177124 0.029344379901885986 0.02713853120803833 0.05006502568721771
0.7753286361694336 0.5153318643569946 0.02996957302093506 0.027605414390563965 0.04907254874706268
0.5519366264343262 0.5720999836921692 0.03129863739013672 0.027904510498046875 0.04720249027013779
0.7695785760879517 0.4920825958251953 0.01739788055419922 0.01515275239944458 0.04589950665831566
0.7937809228897095 0.7080129384994507 0.04860270023345947 0.058145999908447266 0.04459639638662338
0.8009594082832336 0.632299542427063 0.022570252418518066 0.023343265056610107 0.04345474764704704
0.8020366430282593 0.631481945514679 0.01954251527786255 0.01836264133453369 0.04238292574882507
0.7391489148139954 0.669445276260376 0.037122368812561035 0.030903339385986328 0.03689799830317497
0.5577840805053711 0.44300901889801025 0.025214016437530518 0.02288457751274109 0.03670230880379677
0.8288177251815796 0.7927590608596802 0.035787999629974365 0.03033888339996338 0.03658901900053024
0.44070667028427124 0.5684213638305664 0.030215948820114136 0.030169129371643066 0.03612353652715683
0.5487697720527649 0.8085435032844543 0.04182600975036621 0.03480076789855957 0.03364425152540207
0.558669924736023 0.44279569387435913 0.01991349458694458 0.019192785024642944 0.03246290609240532
0.7662739753723145 0.7588427066802979 0.03479689359664917 0.027981221675872803 0.03230530023574829
0.8234432339668274 0.7116197347640991 0.03627896308898926 0.03597062826156616 0.028909675776958466
0.6539083123207092 0.7887313961982727 0.04123854637145996 0.04257237911224365 0.028822990134358406
0.5794939994812012 0.8824628591537476 0.0416637659072876 0.036573946475982666 0.028426576405763626
0.7292677164077759 0.7644416093826294 0.02541208267211914 0.024682223796844482 0.02786490134894848
0.7904676198959351 0.4564024806022644 0.018160879611968994 0.01710757613182068 0.026497218757867813
0.7989663481712341 0.6822078227996826 0.03260517120361328 0.024409472942352295 0.02592829428613186
0.8477513790130615 0.6015189290046692 0.02225726842880249 0.02422940731048584 0.025904012843966484
0.600806474685669 0.7623240947723389 0.022063910961151123 0.019352853298187256 0.024603188037872314
0.8128542304039001 0.5962405204772949 0.03409767150878906 0.03153306245803833 0.024264173582196236
0.548966646194458 0.897482693195343 0.022843897342681885 0.019878745079040527 0.023565279319882393
0.32306233048439026 0.5303661823272705 0.016710400581359863 0.01775127649307251 0.022996433079242706
0.42543861269950867 0.6665078401565552 0.021451473236083984 0.01953446865081787 0.022912215441465378
0.7608875632286072 0.755700409412384 0.03599071502685547 0.033807992935180664 0.022676981985569
0.8123430013656616 0.5905369520187378 0.0274847149848938 0.025099217891693115 0.021395159885287285
0.8017699718475342 0.6337052583694458 0.027780115604400635 0.02808934450149536 0.021250683814287186
0.551476776599884 0.5703175067901611 0.032912611961364746 0.0322381854057312 0.020675811916589737
0.511665940284729 0.7073118686676025 0.03623870015144348 0.03303420543670654 0.020591259002685547
0.8123534917831421 0.7148075103759766 0.036256611347198486 0.03384894132614136 0.020306525751948357
0.5594258308410645 0.44299691915512085 0.02579653263092041 0.024070650339126587 0.02006666734814644
0.7559118866920471 0.7261224389076233 0.03497481346130371 0.03234457969665527 0.019908668473362923
0.7701398134231567 0.49461835622787476 0.023021578788757324 0.0212307870388031 0.019843196496367455
0.7372250556945801 0.6493508815765381 0.046235859394073486 0.04605180025100708 0.01948421448469162
0.34039226174354553 0.6069172024726868 0.014960110187530518 0.01511538028717041 0.019452281296253204
0.698386549949646 0.7531941533088684 0.01738673448562622 0.01872563362121582 0.01927335560321808
0.5490677952766418 0.9072044491767883 0.02344512939453125 0.023572921752929688 0.018928032368421555
0.8224544525146484 0.614126443862915 0.03685414791107178 0.04020136594772339 0.0185958594083786
0.9094903469085693 0.3580152988433838 0.021134912967681885 0.025192946195602417 0.018442073836922646
0.7368899583816528 0.6585751175880432 0.04788780212402344 0.04730856418609619 0.018260721117258072
0.9102470874786377 0.35803842544555664 0.019697964191436768 0.022874444723129272 0.01806940883398056
0.7855419516563416 0.7126052975654602 0.043673038482666016 0.04740583896636963 0.018065625801682472
0.4262363314628601 0.6675080060958862 0.027003079652786255 0.02436131238937378 0.017180105671286583
0.34952929615974426 0.9326808452606201 0.031691670417785645 0.030072033405303955 0.01709563471376896
0.9853923916816711 0.7677382826805115 0.026300430297851562 0.027426719665527344 0.017081771045923233
0.7718982100486755 0.5000407695770264 0.027939319610595703 0.02817004919052124 0.016556523740291595
0.34367960691452026 0.4235318899154663 0.017282873392105103 0.020428746938705444 0.01641043648123741
0.9619130492210388 0.6956934332847595 0.018337249755859375 0.018274307250976562 0.015742415562272072
0.8340581655502319 0.7927621006965637 0.049780309200286865 0.04060196876525879 0.015292633324861526
0.6410625576972961 0.45706290006637573 0.026947617530822754 0.024064451456069946 0.015057452023029327
0.34888190031051636 0.930946946144104 0.025093406438827515 0.022786319255828857 0.014144392684102058
0.4328998327255249 0.2060253620147705 0.01279333233833313 0.012187957763671875 0.013795552775263786
0.8407244086265564 0.5669469237327576 0.03789710998535156 0.0401611328125 0.01371353305876255
0.6996225118637085 0.7518194317817688 0.021924138069152832 0.022845983505249023 0.013564107939600945
0.45652690529823303 0.6343046426773071 0.0311620831489563 0.030030429363250732 0.013536064885556698
0.2434372752904892 0.3714336156845093 0.023083895444869995 0.023158401250839233 0.013534904457628727
0.8469429016113281 0.5656859278678894 0.0329742431640625 0.03773069381713867 0.013497952371835709
0.7364534735679626 0.6459947228431702 0.044312477111816406 0.03985857963562012 0.013320326805114746
0.814052402973175 0.5915271043777466 0.032763123512268066 0.02691096067428589 0.013010627590119839
0.4462495446205139 0.5656294822692871 0.0374051034450531 0.033854663372039795 0.01288499403744936
0.7074916362762451 0.7425124645233154 0.03656846284866333 0.041499555110931396 0.012784656137228012
0.3405746519565582 0.6072176098823547 0.018332958221435547 0.018869638442993164 0.01273209135979414
0.7488353252410889 0.7612128257751465 0.04816925525665283 0.03071993589401245 0.01262685190886259
0.3658857047557831 0.9471801519393921 0.01748347282409668 0.01866990327835083 0.011863564141094685
0.7889236211776733 0.6034812927246094 0.02225261926651001 0.025357425212860107 0.011694635264575481
0.4716782569885254 0.9296528100967407 0.037285417318344116 0.03257864713668823 0.010985967703163624
0.5271971225738525 0.5294511318206787 0.048733532428741455 0.03403264284133911 0.010850372724235058
0.6598687171936035 0.7850878834724426 0.049742698669433594 0.039171576499938965 0.010416322387754917
0.7776439189910889 0.5326992869377136 0.035444438457489014 0.03548240661621094 0.009832585230469704
0.8012412786483765 0.6274591684341431 0.027447164058685303 0.02786046266555786 0.009614427573978901
0.9622295498847961 0.6966622471809387 0.023996353149414062 0.02454066276550293 0.009304684586822987
0.4714820981025696 0.5577847957611084 0.026578903198242188 0.02402573823928833 0.009300021454691887
0.5561651587486267 0.4427480697631836 0.031147003173828125 0.029294967651367188 0.009262284263968468
0.7718565464019775 0.5140515565872192 0.03731876611709595 0.03480452299118042 0.00910648237913847
0.8194948434829712 0.6154062151908875 0.034886956214904785 0.038788795471191406 0.008937345817685127
0.7136638760566711 0.4893110394477844 0.037032365798950195 0.03882715106010437 0.008895991370081902
0.8212146759033203 0.7938048839569092 0.028669357299804688 0.03341877460479736 0.008864867500960827
0.5087266564369202 0.23115673661231995 0.019769400358200073 0.0193023681640625 0.008863857015967369
0.7938885688781738 0.6920562982559204 0.04313313961029053 0.04103296995162964 0.008638123981654644
0.3771275579929352 0.566057026386261 0.020868778228759766 0.019359350204467773 0.00845852680504322
0.8605242967605591 0.6698830723762512 0.015624821186065674 0.013951659202575684 0.008432399481534958
0.3425232768058777 0.420540988445282 0.016679495573043823 0.02078971266746521 0.00833102222532034
0.5958355069160461 0.7553294897079468 0.04117989540100098 0.0388522744178772 0.008035881444811821
0.5094674229621887 0.23094920814037323 0.017609834671020508 0.018404483795166016 0.00778235075995326
0.7778730392456055 0.51603102684021 0.03710860013961792 0.03496012091636658 0.007736808620393276
0.35960447788238525 0.9431694149971008 0.02602556347846985 0.025634050369262695 0.007607781328260899
0.606486439704895 0.8019371032714844 0.045579612255096436 0.03767281770706177 0.007511360105127096
0.7580034732818604 0.7603200078010559 0.048790156841278076 0.029812097549438477 0.007358828093856573
0.6037406921386719 0.8063666820526123 0.052655041217803955 0.03795868158340454 0.0073252152651548386
0.7677747011184692 0.49678292870521545 0.02773803472518921 0.02659529447555542 0.007223733700811863
0.7600164413452148 0.7245270013809204 0.04794853925704956 0.041966140270233154 0.007119376212358475
0.5039514303207397 0.5875738263130188 0.053838908672332764 0.0508272647857666 0.007107538171112537
0.47618603706359863 0.8693230748176575 0.032988935708999634 0.030617713928222656 0.007075279485434294
0.38035494089126587 0.38535580039024353 0.018138736486434937 0.016603469848632812 0.006988484412431717
0.5481860637664795 0.906346321105957 0.029429316520690918 0.029261410236358643 0.006974282208830118
0.6020335555076599 0.7615940570831299 0.03042745590209961 0.028828203678131104 0.0068995533511042595
0.5097230672836304 0.7073053121566772 0.03924921154975891 0.03232234716415405 0.006896665785461664
0.5058032870292664 0.5948119163513184 0.038625627756118774 0.04044264554977417 0.0067483666352927685
0.9614156484603882 0.6962553262710571 0.023718297481536865 0.02274644374847412 0.006619505118578672
0.8317863941192627 0.6843749284744263 0.023548543453216553 0.02212470769882202 0.006615343037992716
0.4267110228538513 0.40043890476226807 0.017057687044143677 0.017097055912017822 0.0064399270340800285
0.3776159882545471 0.5666584968566895 0.025996863842010498 0.023783564567565918 0.006330601405352354
0.36545658111572266 0.44615739583969116 0.012984126806259155 0.013383179903030396 0.0062375133857131
0.8291118741035461 0.6884430050849915 0.033216118812561035 0.028442978858947754 0.0062202345579862595
0.6403342485427856 0.4550289511680603 0.030355513095855713 0.027092844247817993 0.006166849751025438
0.5877999067306519 0.5058072209358215 0.044110119342803955 0.030893921852111816 0.006019329186528921
0.7883894443511963 0.6062116622924805 0.03764313459396362 0.035037219524383545 0.005790600553154945
0.4579228460788727 0.5631788969039917 0.04090309143066406 0.03858363628387451 0.005694529041647911
0.7469967603683472 0.7312718629837036 0.036724865436553955 0.03255808353424072 0.005669765640050173
0.5444756746292114 0.5768345594406128 0.04526156187057495 0.04404968023300171 0.005667978432029486
0.6206430196762085 0.7088738679885864 0.031508445739746094 0.029450416564941406 0.005596953444182873
0.3865668773651123 0.6149300336837769 0.03826001286506653 0.03240436315536499 0.005503584165126085
0.8303459286689758 0.7002847194671631 0.05185389518737793 0.05398041009902954 0.005497305653989315
0.9828281402587891 0.7694240808486938 0.034343719482421875 0.029965579509735107 0.005352163687348366
0.28882676362991333 0.0733153223991394 0.014742374420166016 0.014267541468143463 0.005319519899785519
0.6803743243217468 0.5295312404632568 0.016234397888183594 0.015168964862823486 0.005221145693212748
0.5460613369941711 0.8992241621017456 0.02766704559326172 0.027563631534576416 0.005168989300727844
0.5086134672164917 0.5754035711288452 0.034456074237823486 0.0321386456489563 0.0050375210121273994
0.5102379322052002 0.5841149091720581 0.054959774017333984 0.057722508907318115 0.004980412311851978
0.32086071372032166 0.28660517930984497 0.03191328048706055 0.024000734090805054 0.004944758955389261
0.5754649639129639 0.7422417998313904 0.04487055540084839 0.035124778747558594 0.00482124462723732
0.5582557916641235 0.5680941939353943 0.03616577386856079 0.03472614288330078 0.004700921475887299
0.8467063903808594 0.684825599193573 0.03725278377532959 0.03252887725830078 0.004579559899866581
0.7720186114311218 0.5227014422416687 0.040656089782714844 0.04785159230232239 0.004529470112174749
0.741766095161438 0.7387807965278625 0.04029959440231323 0.045108795166015625 0.004485894460231066
0.7801780700683594 0.6001666784286499 0.03616940975189209 0.02875000238418579 0.004437677562236786
0.4314109683036804 0.20693688094615936 0.017120927572250366 0.015264242887496948 0.00442572170868516
0.5263705253601074 0.5296797752380371 0.05183285474777222 0.04623603820800781 0.004425212740898132
0.5227866172790527 0.5831306576728821 0.055147528648376465 0.05096781253814697 0.004335703328251839
0.7268460392951965 0.7622523307800293 0.03840065002441406 0.03869515657424927 0.0041771926917135715
0.7449342012405396 0.6433227062225342 0.044000983238220215 0.03594362735748291 0.004095033276826143
0.8571054935455322 0.6866153478622437 0.027135074138641357 0.029246926307678223 0.004056363832205534
0.5138640999794006 0.706352710723877 0.048168450593948364 0.03969156742095947 0.0038783112540841103
0.7499686479568481 0.7259529232978821 0.039379239082336426 0.03559136390686035 0.003855727845802903
0.8612333536148071 0.6698454022407532 0.019210457801818848 0.016902565956115723 0.0038241783622652292
0.6207779049873352 0.7102449536323547 0.030516982078552246 0.027826905250549316 0.003783582476899028
0.8012114763259888 0.5983984470367432 0.03169804811477661 0.03441375494003296 0.0037773868534713984
0.7684077024459839 0.839361310005188 0.02094024419784546 0.020499050617218018 0.0037449810188263655
0.5209367871284485 0.4154404401779175 0.019663572311401367 0.01856878399848938 0.003736582351848483
0.6135553121566772 0.608863353729248 0.023673713207244873 0.02059304714202881 0.003638417925685644
0.36533600091934204 0.9470502138137817 0.025093108415603638 0.023818373680114746 0.0035299721639603376
0.8513144254684448 0.5630835294723511 0.04007607698440552 0.037533462047576904 0.0035053251776844263
0.8266885280609131 0.7066373825073242 0.05363231897354126 0.04656851291656494 0.0034871704410761595
0.6794798970222473 0.5303927063941956 0.021198630332946777 0.018860340118408203 0.0034841857850551605
0.4762493968009949 0.5671476125717163 0.03327539563179016 0.04245978593826294 0.0034611644223332405
0.4923657774925232 0.8195463418960571 0.029162436723709106 0.026169955730438232 0.0034381987061351538
0.7950495481491089 0.6293101906776428 0.0359233021736145 0.03220629692077637 0.003373789368197322
0.8595269918441772 0.6708093881607056 0.019471347332000732 0.021989941596984863 0.003364608623087406
0.4422818422317505 0.5729421377182007 0.03454896807670593 0.039639294147491455 0.003353164531290531
0.7887890934944153 0.6217213869094849 0.03247475624084473 0.031285881996154785 0.003283347934484482
0.8158017992973328 0.7905954718589783 0.03408205509185791 0.035775184631347656 0.003267258405685425
0.7713826298713684 0.5971887111663818 0.02693784236907959 0.025769352912902832 0.003199028316885233
0.4183974266052246 0.8931291699409485 0.01822662353515625 0.017723441123962402 0.0031919004395604134
0.34005284309387207 0.6081763505935669 0.022943198680877686 0.024847805500030518 0.0031801776494830847
0.8125723600387573 0.7041480541229248 0.06514734029769897 0.06240600347518921 0.0031632278114557266
0.24429446458816528 0.37139692902565 0.030901625752449036 0.027770519256591797 0.0030931367073208094
0.8143101930618286 0.711780846118927 0.05875968933105469 0.05221390724182129 0.00308275711722672
0.4156757891178131 0.9426067471504211 0.02022683620452881 0.020058870315551758 0.0030659108888357878
0.41474467515945435 0.9425865411758423 0.026446163654327393 0.026845932006835938 0.0029505430720746517
0.3005932867527008 0.4355039596557617 0.014591097831726074 0.016846835613250732 0.0029122033156454563
0.7703985571861267 0.49094289541244507 0.02359151840209961 0.021820932626724243 0.0027451026253402233
0.35497215390205383 0.9399045705795288 0.037406086921691895 0.03963512182235718 0.0027192439883947372
0.7699688673019409 0.7613922357559204 0.04100114107131958 0.03317403793334961 0.0026931455358862877
0.8002055883407593 0.6781860589981079 0.03204292058944702 0.027297616004943848 0.002652943367138505
0.378975510597229 0.38585081696510315 0.025243133306503296 0.02194005250930786 0.0026388263795524836
0.5460451245307922 0.9020044803619385 0.03678882122039795 0.03179973363876343 0.002614291850477457
0.5500783920288086 0.5756975412368774 0.037348389625549316 0.039157867431640625 0.002595412079244852
0.2885010540485382 0.07439838349819183 0.01700645685195923 0.01770033687353134 0.0025329934433102608
0.5868663191795349 0.8836023211479187 0.042656898498535156 0.0306243896484375 0.0025070225819945335
0.573144793510437 0.880536675453186 0.043793559074401855 0.03756749629974365 0.0025051687844097614
0.32347455620765686 0.44249868392944336 0.015053868293762207 0.01665210723876953 0.002497478388249874
0.39644956588745117 0.9297885894775391 0.015891551971435547 0.015897393226623535 0.002438795519992709
0.6144852638244629 0.6103090047836304 0.030215084552764893 0.02610856294631958 0.002413976239040494
0.5474197864532471 0.8012221455574036 0.040637850761413574 0.03429818153381348 0.0023679931182414293
0.5046213865280151 0.5979577302932739 0.04721030592918396 0.05145531892776489 0.0023359237238764763
0.5000823736190796 0.5989093780517578 0.03674715757369995 0.03688490390777588 0.002310054376721382
0.4114912748336792 0.9395347833633423 0.033596426248550415 0.032344818115234375 0.00229414994828403
0.47596901655197144 0.8695707321166992 0.04320695996284485 0.03536033630371094 0.0022346132900565863
0.5082100033760071 0.5732077360153198 0.04329290986061096 0.04162973165512085 0.0022124103270471096
0.7565773725509644 0.6393781900405884 0.03318136930465698 0.0317423939704895 0.0021697732154279947
0.322677344083786 0.5300767421722412 0.024967670440673828 0.02477794885635376 0.002043194603174925
0.27478334307670593 0.7485745549201965 0.034520626068115234 0.031109213829040527 0.00198254338465631
0.7452770471572876 0.6584336161613464 0.04734170436859131 0.04457283020019531 0.0018981663743034005
0.36140239238739014 0.3585931360721588 0.013965994119644165 0.012623727321624756 0.0018722928361967206
0.8322904706001282 0.6087082624435425 0.04785728454589844 0.043360888957977295 0.001871666288934648
0.6517505645751953 0.7818353176116943 0.05495721101760864 0.044780850410461426 0.0018688553245738149
0.8488214612007141 0.6289294958114624 0.022179007530212402 0.02448481321334839 0.0018162436317652464
0.4385722279548645 0.5675904750823975 0.04487532377243042 0.040880024433135986 0.0018142658518627286
0.5093186497688293 0.22938993573188782 0.02179315686225891 0.025081351399421692 0.0017830550204962492
0.4696260988712311 0.5023592114448547 0.028800606727600098 0.027081698179244995 0.0017501059919595718
0.5147367715835571 0.04101504758000374 0.012858390808105469 0.013403497636318207 0.0017353245057165623
0.9585462808609009 0.696674644947052 0.034931182861328125 0.028364896774291992 0.0016957087209448218
0.20732009410858154 0.3039456605911255 0.01310892403125763 0.014112681150436401 0.0016824292251840234
0.5180405974388123 0.4134054183959961 0.022366046905517578 0.02284926176071167 0.0016405601054430008
0.8459261059761047 0.6090660691261292 0.030763626098632812 0.04712855815887451 0.0016359253786504269
0.5498298406600952 0.17972047626972198 0.02003246545791626 0.01955413818359375 0.001587197999469936
0.7833585739135742 0.5960882306098938 0.03693199157714844 0.033834099769592285 0.0015739668160676956
0.8464006185531616 0.6251502633094788 0.023521840572357178 0.02982771396636963 0.0015672171721234918
0.7901211380958557 0.45849841833114624 0.021999239921569824 0.023385733366012573 0.001566655351780355
0.7463615536689758 0.6418375968933105 0.0528109073638916 0.043376624584198 0.0015422485303133726
0.765013575553894 0.7202039957046509 0.057867467403411865 0.04587584733963013 0.0014724215725436807
0.47161826491355896 0.5547982454299927 0.03325939178466797 0.028247475624084473 0.0014493197668343782
0.8454221487045288 0.5917120575904846 0.03440147638320923 0.03644132614135742 0.001435328391380608
0.8536739349365234 0.681862473487854 0.03352433443069458 0.03334462642669678 0.0014346499228850007
0.3450697958469391 0.9311988949775696 0.03559523820877075 0.03374934196472168 0.0014263693010434508
0.25280094146728516 0.4219738245010376 0.013080522418022156 0.013006001710891724 0.0014197254786267877
0.3796539306640625 0.5663547515869141 0.032820552587509155 0.027126014232635498 0.0013877763412892818
0.7714415788650513 0.5953265428543091 0.023112356662750244 0.02092379331588745 0.0013745229225605726
0.9940760135650635 0.589295506477356 0.011578381061553955 0.016051113605499268 0.0013309631031006575
0.2157750427722931 0.013945226557552814 0.014732643961906433 0.01422673650085926 0.001323416829109192
0.7090652585029602 0.7346420288085938 0.03952598571777344 0.039388060569763184 0.0012955112615600228
0.7800348401069641 0.4881684184074402 0.022658705711364746 0.019989699125289917 0.0012705347035080194
0.7173964381217957 0.7567918300628662 0.05708599090576172 0.04182404279708862 0.0012662641238421202
0.5169859528541565 0.20883063971996307 0.013919353485107422 0.012377262115478516 0.0012651399010792375
0.3410569727420807 0.4197484850883484 0.022632718086242676 0.025269240140914917 0.001221455866470933
0.6421905755996704 0.4573889970779419 0.03625994920730591 0.03037586808204651 0.001212799223139882
0.3624861240386963 0.35778048634529114 0.017036229372024536 0.015842020511627197 0.0012118436861783266
0.7781054377555847 0.53999263048172 0.034576416015625 0.039276719093322754 0.0011988343903794885
0.3643597364425659 0.4458993971347809 0.01890420913696289 0.01800823211669922 0.0011844119289889932
0.8088352680206299 0.6271878480911255 0.044165194034576416 0.04473799467086792 0.0011426573619246483
0.5153750777244568 0.9172532558441162 0.027010440826416016 0.027545392513275146 0.0010850323596969247
0.8230690956115723 0.6831017136573792 0.03625452518463135 0.027862191200256348 0.0010777859715744853
0.6106759309768677 0.7996033430099487 0.046870410442352295 0.04643583297729492 0.0010771326487883925
0.4182133674621582 0.8950937390327454 0.027229398488998413 0.027602791786193848 0.0010748011991381645
0.7174065113067627 0.4886183738708496 0.04685252904891968 0.042436957359313965 0.001057298039086163
0.5378111004829407 0.22026260197162628 0.015341758728027344 0.015173107385635376 0.0010483535006642342
0.42725735902786255 0.6671189069747925 0.03627443313598633 0.028639376163482666 0.0010468822438269854
0.680683434009552 0.5284376740455627 0.022206664085388184 0.022323966026306152 0.0010175160132348537
0.7200732231140137 0.48673146963119507 0.04329127073287964 0.03604409098625183 0.0010018331231549382
0.5314890742301941 0.9120535850524902 0.04970502853393555 0.03146231174468994 0.0009899409487843513
0.5911648869514465 0.5059194564819336 0.04096102714538574 0.041484445333480835 0.0009698092471808195
0.8177121877670288 0.5356438159942627 0.02275615930557251 0.02688521146774292 0.0009639739291742444
0.3454253077507019 0.4222315847873688 0.025854676961898804 0.02768075466156006 0.0009532020194455981
0.3873283863067627 0.6155441999435425 0.04717522859573364 0.039523541927337646 0.0009501282474957407
0.7412446141242981 0.6729152202606201 0.040028929710388184 0.044441163539886475 0.0009455649997107685
0.5500779151916504 0.893580436706543 0.036038219928741455 0.03210103511810303 0.0009295112104155123
0.7971115112304688 0.6321134567260742 0.042442262172698975 0.043804168701171875 0.0009208289557136595
0.5164588689804077 0.41611552238464355 0.02970677614212036 0.028470903635025024 0.0009169887634925544
0.8039447665214539 0.5894322991371155 0.029938220977783203 0.028922557830810547 0.000907874433323741
0.7403452396392822 0.7642332315444946 0.051963746547698975 0.043876051902770996 0.0008992994553409517
0.8736739158630371 0.29928767681121826 0.014694392681121826 0.015029221773147583 0.0008961897110566497
0.4052243232727051 0.47970515489578247 0.012543201446533203 0.013083070516586304 0.0008952815551310778
0.25563883781433105 0.8471293449401855 0.017018601298332214 0.01747894287109375 0.0008941503474488854
0.7430392503738403 0.90248042345047 0.039757370948791504 0.0344616174697876 0.0008868081495165825
0.746408224105835 0.6462008953094482 0.057552874088287354 0.053677141666412354 0.0008804917451925576
0.8381979465484619 0.5567587614059448 0.03590625524520874 0.03815668821334839 0.0008751915884204209
0.7051852941513062 0.7404969334602356 0.048311054706573486 0.045694708824157715 0.0008716953452676535
