x y width height conf
0.5856701135635376 0.7663030624389648 0.027183949947357178 0.025086581707000732 0.4624495804309845
0.4886937141418457 0.9551214575767517 0.022373288869857788 0.019075393676757812 0.447013258934021
0.8398752212524414 0.7801578640937805 0.03461343050003052 0.03617548942565918 0.3728015124797821
0.8616476058959961 0.4344371557235718 0.02478635311126709 0.023794084787368774 0.36798784136772156
0.48830339312553406 0.9550819396972656 0.027433335781097412 0.024782180786132812 0.3283275067806244
0.5896632671356201 0.9577471017837524 0.03090512752532959 0.02884352207183838 0.32248222827911377
0.7879610061645508 0.26967981457710266 0.03422737121582031 0.028095662593841553 0.31955376267433167
0.40644583106040955 0.40099555253982544 0.024045467376708984 0.024153411388397217 0.2944788336753845
0.8395843505859375 0.3569706678390503 0.026522815227508545 0.02327600121498108 0.2929113209247589
0.5443433523178101 0.9054301381111145 0.049545109272003174 0.03690814971923828 0.2794068455696106
0.5158236622810364 0.7019725441932678 0.017201662063598633 0.016768455505371094 0.27876874804496765
0.6628652215003967 0.8183192014694214 0.02518630027770996 0.02324157953262329 0.27736762166023254
0.5340394973754883 0.8265287280082703 0.023983776569366455 0.021065711975097656 0.26184743642807007
0.7211203575134277 0.746058464050293 0.02349710464477539 0.020831704139709473 0.24579350650310516
0.8047275543212891 0.9014132618904114 0.020353496074676514 0.0186309814453125 0.2358880639076233
0.64472496509552 0.9488145112991333 0.03751009702682495 0.030227303504943848 0.2354920655488968
0.8942587375640869 0.40794652700424194 0.02172321081161499 0.020051389932632446 0.23261864483356476
0.8495012521743774 0.39329320192337036 0.02494889497756958 0.020793408155441284 0.22690625488758087
0.7954576015472412 0.7043035626411438 0.025104641914367676 0.022883176803588867 0.20153509080410004
0.5248598456382751 0.640764594078064 0.020079612731933594 0.021719753742218018 0.19098713994026184
0.4061232805252075 0.40049535036087036 0.03180539608001709 0.029208749532699585 0.17757384479045868
0.686279296875 0.8674821853637695 0.028094232082366943 0.02667081356048584 0.17143400013446808
0.5757102966308594 0.5591723918914795 0.027230441570281982 0.025546491146087646 0.17131246626377106
0.5032479763031006 0.2542212903499603 0.02119550108909607 0.018771663308143616 0.16457585990428925
0.6465739011764526 0.9521198272705078 0.04672890901565552 0.03886258602142334 0.1621459722518921
0.48856696486473083 0.5734869241714478 0.02657526731491089 0.0268591046333313 0.15625238418579102
0.8273161053657532 0.25420650839805603 0.019912362098693848 0.018281742930412292 0.15262943506240845
0.9635341763496399 0.9086626172065735 0.021775484085083008 0.019289374351501465 0.15181218087673187
0.840214729309082 0.3581189513206482 0.03226357698440552 0.029450923204421997 0.1515587717294693
0.7890419960021973 0.4515971541404724 0.03311353921890259 0.02790471911430359 0.14520546793937683
0.7044103145599365 0.7712592482566833 0.025643348693847656 0.024317264556884766 0.14517268538475037
0.9633470773696899 0.9087568521499634 0.023275554180145264 0.020791828632354736 0.13820096850395203
0.8718313574790955 0.6552236080169678 0.02263641357421875 0.020508289337158203 0.1354433298110962
0.4061667025089264 0.4009627401828766 0.031520724296569824 0.028736591339111328 0.13046517968177795
0.7096376419067383 0.5250309705734253 0.026374459266662598 0.022618472576141357 0.12860612571239471
0.2724262773990631 0.5291476845741272 0.025514960289001465 0.025761008262634277 0.12473349273204803
0.5864788293838501 0.7681744694709778 0.032894134521484375 0.032370567321777344 0.12350869923830032
0.8036196827888489 0.9010135531425476 0.0267789363861084 0.024793624877929688 0.12326443195343018
0.8289577960968018 0.6306482553482056 0.02271193265914917 0.018207192420959473 0.12134918570518494
0.5230734944343567 0.6645174026489258 0.01882171630859375 0.018502235412597656 0.11529114842414856
0.5231434106826782 0.5837981104850769 0.02578824758529663 0.029970169067382812 0.11438340693712234
0.8535778522491455 0.8505531549453735 0.020685970783233643 0.02044600248336792 0.11119341105222702
0.7932395935058594 0.7037211656570435 0.03367960453033447 0.029691338539123535 0.10709670186042786
0.849522590637207 0.3956034779548645 0.03299826383590698 0.02647647261619568 0.10232104361057281
0.7564018964767456 0.7028946876525879 0.025342464447021484 0.023223698139190674 0.101385697722435
0.5149491429328918 0.7020622491836548 0.02190542221069336 0.02131938934326172 0.10000300407409668
0.9633861780166626 0.9094350934028625 0.02754497528076172 0.025496244430541992 0.09910821169614792
0.5643508434295654 0.6431992650032043 0.027310669422149658 0.025545120239257812 0.09863018989562988
0.6469147205352783 0.9561423063278198 0.0452691912651062 0.03776317834854126 0.09095563739538193
0.7511729001998901 0.27604109048843384 0.03709656000137329 0.032599836587905884 0.08799265325069427
0.7562803626060486 0.7038038372993469 0.03340435028076172 0.028466224670410156 0.08668799698352814
0.5337104797363281 0.8269088864326477 0.02940469980239868 0.025751829147338867 0.08648868650197983
0.9289234280586243 0.7478717565536499 0.018596649169921875 0.018052875995635986 0.0860990658402443
0.3300226926803589 0.5941736698150635 0.022140413522720337 0.019049227237701416 0.08564495295286179
0.9635578393936157 0.9095534086227417 0.027402281761169434 0.025310933589935303 0.0844159945845604
0.7907058000564575 0.45092707872390747 0.032888591289520264 0.027684390544891357 0.0839904397726059
0.787885308265686 0.7018172740936279 0.03963285684585571 0.034489452838897705 0.07965487986803055
0.8930521011352539 0.408132940530777 0.028017401695251465 0.024163246154785156 0.07912710309028625
0.4642922878265381 0.6170560121536255 0.024996578693389893 0.02314692735671997 0.0765906348824501
0.5029712915420532 0.2540341317653656 0.028391867876052856 0.025480255484580994 0.0760347992181778
0.8025457859039307 0.5295464992523193 0.021649539470672607 0.018628418445587158 0.07532230019569397
0.8283309936523438 0.6307814121246338 0.03013002872467041 0.02410256862640381 0.07449499517679214
0.7036945819854736 0.7713207006454468 0.033108294010162354 0.02796846628189087 0.07408669590950012
0.31296077370643616 0.6070764064788818 0.023691952228546143 0.02494567632675171 0.07348762452602386
0.7997390031814575 0.21356196701526642 0.028089523315429688 0.02634391188621521 0.0717153400182724
0.3557283282279968 0.7678519487380981 0.018146902322769165 0.01833552122116089 0.07138372212648392
0.4283270835876465 0.48285937309265137 0.026379883289337158 0.021690458059310913 0.06995812803506851
0.6165022850036621 0.6642715334892273 0.026084840297698975 0.024321556091308594 0.06835155189037323
0.8599697351455688 0.4350387156009674 0.039271533489227295 0.03378641605377197 0.06685083359479904
0.7967619299888611 0.42884302139282227 0.025213241577148438 0.021376699209213257 0.0641380324959755
0.6154748201370239 0.6633659601211548 0.025241971015930176 0.022866249084472656 0.062163226306438446
0.5967541933059692 0.9002006649971008 0.02427119016647339 0.02537226676940918 0.060690008103847504
0.8018286824226379 0.529466986656189 0.02682971954345703 0.022634923458099365 0.06028072535991669
0.6962474584579468 0.7706511616706848 0.04047638177871704 0.026296615600585938 0.05903087183833122
0.8719934225082397 0.6547845005989075 0.029748737812042236 0.026932954788208008 0.056683626025915146
0.7036145925521851 0.6488186717033386 0.038063228130340576 0.034088134765625 0.055942945182323456
0.7070106267929077 0.6469688415527344 0.03582519292831421 0.03273642063140869 0.055931612849235535
0.5976017117500305 0.6084585189819336 0.02482759952545166 0.023258328437805176 0.05538734421133995
0.6440936326980591 0.6685813069343567 0.023896336555480957 0.022550225257873535 0.05439750477671623
0.7902761697769165 0.26844221353530884 0.04344052076339722 0.033498913049697876 0.05411277711391449
0.9289181232452393 0.7482749819755554 0.022981226444244385 0.022684097290039062 0.05405184254050255
0.27235904335975647 0.5288165807723999 0.02608269453048706 0.027009546756744385 0.053253814578056335
0.5010775327682495 0.6230455636978149 0.015462100505828857 0.014228999614715576 0.05310715734958649
0.6632745265960693 0.818905234336853 0.030728042125701904 0.029154598712921143 0.051960233598947525
0.6437233686447144 0.9469438791275024 0.04462563991546631 0.036930084228515625 0.051688455045223236
0.8959041833877563 0.6692749857902527 0.027707695960998535 0.025763511657714844 0.051231399178504944
0.7949343919754028 0.43951717019081116 0.037821948528289795 0.04202842712402344 0.05028928443789482
0.5338523387908936 0.9885784387588501 0.03503602743148804 0.0225372314453125 0.04880533739924431
0.8282774090766907 0.2551208436489105 0.026079535484313965 0.02548407018184662 0.04766731709241867
0.6827362179756165 0.7707310318946838 0.028224945068359375 0.027039766311645508 0.04692445695400238
0.5472785234451294 0.7293190360069275 0.017432808876037598 0.016336441040039062 0.04606664180755615
0.7984369397163391 0.21503877639770508 0.03531324863433838 0.031016632914543152 0.045421481132507324
0.428290992975235 0.48409223556518555 0.03117769956588745 0.027040094137191772 0.045259974896907806
0.7194342613220215 0.7453913688659668 0.032438457012176514 0.024882376194000244 0.045258305966854095
0.8965591192245483 0.6700632572174072 0.020648539066314697 0.01933521032333374 0.04390748217701912
0.32058703899383545 0.6026152968406677 0.034022897481918335 0.029891014099121094 0.043594155460596085
0.5340232849121094 0.9882400631904602 0.03563690185546875 0.023022055625915527 0.04245931655168533
0.5452839136123657 0.9055231213569641 0.050610899925231934 0.03581202030181885 0.04191761463880539
0.27254942059516907 0.5316352844238281 0.03180176019668579 0.030468463897705078 0.0407492071390152
0.5985002517700195 0.90301913022995 0.03364086151123047 0.028257369995117188 0.039487581700086594
0.7084396481513977 0.525836706161499 0.03332722187042236 0.028166234493255615 0.03929524123668671
0.5980029106140137 0.6093666553497314 0.02972733974456787 0.0282706618309021 0.03926580399274826
0.6347761154174805 0.8124163746833801 0.019751369953155518 0.01901412010192871 0.03846139460802078
0.6939302682876587 0.770148754119873 0.047536253929138184 0.032292723655700684 0.03762662410736084
0.7972837686538696 0.4322549104690552 0.03838157653808594 0.03560629487037659 0.03708871454000473
0.5538108348846436 0.6040489077568054 0.02794593572616577 0.027240753173828125 0.03636797145009041
0.3748883605003357 0.5325454473495483 0.031153172254562378 0.02801358699798584 0.036310818046331406
0.8356127738952637 0.613860547542572 0.037459731101989746 0.041916847229003906 0.036115001887083054
0.5773046612739563 0.5594446659088135 0.03874826431274414 0.033067166805267334 0.03609802573919296
0.8406573534011841 0.35728079080581665 0.040664076805114746 0.035254865884780884 0.035979751497507095
0.40738171339035034 0.6033283472061157 0.027699559926986694 0.026975810527801514 0.034775033593177795
0.6307206153869629 0.2568998336791992 0.02929908037185669 0.02426549792289734 0.033836644142866135
0.8324516415596008 0.6288405060768127 0.0389636754989624 0.030632972717285156 0.033342279493808746
0.8402061462402344 0.6051828265190125 0.03161048889160156 0.027815818786621094 0.03290574625134468
0.609040379524231 0.8201763033866882 0.021115660667419434 0.01854705810546875 0.03271351754665375
0.8656962513923645 0.36596065759658813 0.025438547134399414 0.025530874729156494 0.03208550810813904
0.7565709948539734 0.3295697271823883 0.029293060302734375 0.026288866996765137 0.03199872747063637
0.5578188896179199 0.6473854184150696 0.029756903648376465 0.030811667442321777 0.03194798529148102
0.7895584106445312 0.9519551992416382 0.01857537031173706 0.017228305339813232 0.0316811129450798
0.5633411407470703 0.6451098322868347 0.0352664589881897 0.031400203704833984 0.031476940959692
0.8019529581069946 0.5295217037200928 0.03222447633743286 0.027215778827667236 0.03144892677664757
0.7063089609146118 0.7673779726028442 0.044623374938964844 0.038856565952301025 0.031142620369791985
0.5040813684463501 0.2539996802806854 0.03745868802070618 0.030186519026756287 0.03004998341202736
0.8528030514717102 0.8516462445259094 0.02640080451965332 0.025342345237731934 0.029577450826764107
0.6994842290878296 0.9056437611579895 0.04551464319229126 0.033441901206970215 0.029111988842487335
0.6456730365753174 0.9538753628730774 0.04489022493362427 0.03801119327545166 0.02873781882226467
0.6454488039016724 0.9480019807815552 0.0509258508682251 0.04090768098831177 0.028531566262245178
0.7082622051239014 0.524634838104248 0.03392106294631958 0.028432846069335938 0.028400946408510208
0.5505667924880981 0.6693785786628723 0.017696082592010498 0.017284631729125977 0.02779390849173069
0.4881763458251953 0.5742858648300171 0.03220081329345703 0.032763898372650146 0.02673381194472313
0.7893699407577515 0.9517362713813782 0.022184789180755615 0.0213470458984375 0.02632560022175312
0.6180431246757507 0.6765895485877991 0.02667713165283203 0.021002769470214844 0.026087142527103424
0.6887430548667908 0.7714782953262329 0.04132223129272461 0.030995726585388184 0.025970768183469772
0.3301216661930084 0.5879480242729187 0.03247416019439697 0.025017738342285156 0.025946173816919327
0.6072534918785095 0.8210617303848267 0.026365280151367188 0.023653388023376465 0.02544112503528595
0.4747328758239746 0.19853956997394562 0.019956588745117188 0.018390804529190063 0.025333937257528305
0.5286682844161987 0.8041591644287109 0.01838153600692749 0.01638317108154297 0.025258762761950493
0.531597375869751 0.711564838886261 0.017512142658233643 0.015350580215454102 0.025047961622476578
0.5238837003707886 0.6632217168807983 0.02480560541152954 0.023725152015686035 0.024861060082912445
0.5904383659362793 0.9586866497993469 0.042365849018096924 0.03647005558013916 0.024536792188882828
0.8248060345649719 0.897347092628479 0.02901911735534668 0.024109244346618652 0.02448154427111149
0.5261908769607544 0.5847722291946411 0.032737135887145996 0.035422325134277344 0.024410801008343697
0.8384702801704407 0.7807906866073608 0.04713177680969238 0.04176729917526245 0.024290399625897408
0.5315512418746948 0.7104966640472412 0.014115869998931885 0.01552039384841919 0.023839332163333893
0.7964575886726379 0.7045140266418457 0.041047096252441406 0.03513890504837036 0.02383282221853733
0.5438157320022583 0.9012153744697571 0.04218655824661255 0.03444826602935791 0.023757899180054665
0.8974612951278687 0.6701233386993408 0.026340901851654053 0.02298969030380249 0.023755455389618874
0.8289709091186523 0.8957439661026001 0.020793914794921875 0.01848810911178589 0.02372625656425953
0.5438863039016724 0.9055382609367371 0.06100785732269287 0.0446319580078125 0.023431049659848213
0.651214599609375 0.8151184320449829 0.037805378437042236 0.025443851947784424 0.023294907063245773
0.618617057800293 0.8923519253730774 0.016003966331481934 0.01634526252746582 0.023179059848189354
0.7782860994338989 0.27304744720458984 0.04908186197280884 0.037718385457992554 0.02304435893893242
0.7975482940673828 0.2669753134250641 0.047547996044158936 0.03607511520385742 0.02226044423878193
0.7703683972358704 0.684094250202179 0.032061219215393066 0.02448904514312744 0.0220149178057909
0.7895724773406982 0.4537913203239441 0.04027062654495239 0.035385340452194214 0.02198067307472229
0.5326530337333679 0.7134237289428711 0.014103412628173828 0.014990806579589844 0.021754609420895576
0.4540401101112366 0.4055730998516083 0.02484273910522461 0.023070335388183594 0.021734759211540222
0.879107654094696 0.7414496541023254 0.023899078369140625 0.024538636207580566 0.0216734129935503
0.5314970016479492 0.8203527927398682 0.031437695026397705 0.03307265043258667 0.021585684269666672
0.8666172027587891 0.3649231493473053 0.0282098650932312 0.0306546688079834 0.02146757021546364
0.7543886303901672 0.6082555055618286 0.037741661071777344 0.03294104337692261 0.021441763266921043
0.6945897340774536 0.9095195531845093 0.040399909019470215 0.029435694217681885 0.021268989890813828
0.6310358047485352 0.25712156295776367 0.03617668151855469 0.028722703456878662 0.02078178897500038
0.8885103464126587 0.6660375595092773 0.03568953275680542 0.028797268867492676 0.02070513367652893
0.750576913356781 0.27534219622612 0.04688739776611328 0.037142276763916016 0.020627573132514954
0.5609810948371887 0.24810662865638733 0.026842474937438965 0.024057015776634216 0.020564809441566467
0.3778804838657379 0.5772644281387329 0.018054306507110596 0.01683485507965088 0.020491940900683403
0.7239067554473877 0.744376540184021 0.03418177366256714 0.02891010046005249 0.02040405571460724
0.7611633539199829 0.7027767300605774 0.04382437467575073 0.037436723709106445 0.0203713309019804
0.785053014755249 0.27138879895210266 0.0414312481880188 0.03830373287200928 0.020273510366678238
0.6866300702095032 0.7693334817886353 0.03797268867492676 0.03077220916748047 0.020169345661997795
0.4358064532279968 0.5962718725204468 0.017844468355178833 0.017350375652313232 0.019880356267094612
0.7555233240127563 0.7037403583526611 0.0382348895072937 0.036927759647369385 0.019611427560448647
0.8791792392730713 0.7418363094329834 0.026678502559661865 0.0274469256401062 0.019228611141443253
0.33182039856910706 0.586542010307312 0.02368462085723877 0.0224420428276062 0.019101500511169434
0.45436859130859375 0.4047396779060364 0.02065199613571167 0.018463611602783203 0.019023312255740166
0.6844064593315125 0.8689563870429993 0.03775501251220703 0.030863523483276367 0.01899123191833496
0.329751193523407 0.5915762186050415 0.02654370665550232 0.024542152881622314 0.018794111907482147
0.7970308065414429 0.2151704579591751 0.04064673185348511 0.033262014389038086 0.018507901579141617
0.6955084204673767 0.9091961979866028 0.03589916229248047 0.02821481227874756 0.018105128780007362
0.625585675239563 0.6673434972763062 0.039294302463531494 0.027588069438934326 0.017445819452404976
0.8022845983505249 0.5638315081596375 0.033117830753326416 0.029407501220703125 0.01697430945932865
0.6921788454055786 0.9036721587181091 0.04298335313796997 0.032006263732910156 0.016842519864439964
0.8616777658462524 0.4326966404914856 0.032444000244140625 0.031027793884277344 0.016820387914776802
0.46527472138404846 0.6199140548706055 0.029900729656219482 0.02938711643218994 0.016803892329335213
0.8288731575012207 0.2535741329193115 0.03332120180130005 0.027951925992965698 0.016540521755814552
0.5411287546157837 0.6887909173965454 0.015773653984069824 0.014580905437469482 0.01650647260248661
0.7574990391731262 0.32999730110168457 0.0349271297454834 0.03169772028923035 0.01608291268348694
0.48621273040771484 0.9559410214424133 0.03921699523925781 0.028045654296875 0.015652816742658615
0.616829514503479 0.6680757999420166 0.03484266996383667 0.035170018672943115 0.0155873354524374
0.7757216691970825 0.6899826526641846 0.03632575273513794 0.03624767065048218 0.01556741539388895
0.7972322106361389 0.4286443591117859 0.0299069881439209 0.02745458483695984 0.015536193735897541
0.647732675075531 0.9546893835067749 0.056554317474365234 0.04770928621292114 0.015202679671347141
0.7540609836578369 0.6076180934906006 0.031768798828125 0.02712494134902954 0.015018457546830177
0.6704156994819641 0.9024208188056946 0.01763284206390381 0.01654207706451416 0.014951614663004875
0.8526535034179688 0.36252561211586 0.035648345947265625 0.028660476207733154 0.014646894298493862
0.8021721839904785 0.5641779899597168 0.027781128883361816 0.02451390027999878 0.01410363707691431
0.8947952389717102 0.6678946614265442 0.03383946418762207 0.03215920925140381 0.014072648249566555
0.7019240260124207 0.6535812616348267 0.04478597640991211 0.038868725299835205 0.013670498505234718
0.5087727904319763 0.6078833937644958 0.020643681287765503 0.020987987518310547 0.013567393645644188
0.6442704200744629 0.668437123298645 0.028694748878479004 0.027947068214416504 0.01347130537033081
0.4050155580043793 0.4018803834915161 0.037129223346710205 0.03791293501853943 0.013409214094281197
0.829576313495636 0.6326982378959656 0.03564715385437012 0.029320716857910156 0.013377551920711994
0.5479435920715332 0.7291008234024048 0.022416293621063232 0.01994878053665161 0.013357730582356453
0.4663999676704407 0.5436735153198242 0.021554946899414062 0.020175576210021973 0.013183049857616425
0.40541380643844604 0.6043356657028198 0.0278492271900177 0.025918424129486084 0.012440856546163559
0.7868865728378296 0.4513360261917114 0.04334527254104614 0.032273679971694946 0.012064141221344471
0.6168352365493774 0.6652861833572388 0.03602409362792969 0.030200064182281494 0.012035621330142021
0.795703113079071 0.8297634124755859 0.019064903259277344 0.01723957061767578 0.011815096251666546
0.6336181163787842 0.5923845767974854 0.020471155643463135 0.018635094165802002 0.011757530272006989
0.5668371319770813 0.6384332180023193 0.036387085914611816 0.033161461353302 0.011521565727889538
0.6801838874816895 0.7702868580818176 0.030770599842071533 0.02847599983215332 0.01138309482485056
0.8235600590705872 0.9255684018135071 0.015429496765136719 0.015125274658203125 0.011223300360143185
0.5537902116775513 0.5985816121101379 0.029902637004852295 0.02861952781677246 0.011170311830937862
0.3468700349330902 0.5449833273887634 0.01671743392944336 0.01698589324951172 0.011145737022161484
0.5167823433876038 0.5859185457229614 0.03148603439331055 0.035838305950164795 0.011088095605373383
0.804705023765564 0.8816213607788086 0.02261120080947876 0.020082473754882812 0.011015482246875763
0.5243833661079407 0.6423658132553101 0.02735114097595215 0.026276767253875732 0.010682635009288788
0.6164096593856812 0.8951004147529602 0.023878931999206543 0.024461746215820312 0.010611056350171566
0.5497182607650757 0.6610255241394043 0.02041524648666382 0.020985782146453857 0.010309594683349133
0.9308340549468994 0.74823397397995 0.030708730220794678 0.026674747467041016 0.01028728112578392
0.7500174641609192 0.49564164876937866 0.022866487503051758 0.01894518733024597 0.010161078535020351
0.8131797909736633 0.8985399007797241 0.03653120994567871 0.0241582989692688 0.01014170702546835
0.8804035186767578 0.4173312783241272 0.025699973106384277 0.02425098419189453 0.010068794712424278
0.8771793842315674 0.7440946698188782 0.03126925230026245 0.03345930576324463 0.009776071645319462
0.5835316181182861 0.9954382181167603 0.01697593927383423 0.009123623371124268 0.009732942096889019
0.46723300218582153 0.825573205947876 0.014393031597137451 0.013610422611236572 0.0096571184694767
0.5283114910125732 0.8042938113212585 0.02374500036239624 0.019623994827270508 0.009553559124469757
0.8725754022598267 0.3629488945007324 0.02808743715286255 0.029541492462158203 0.009334713220596313
0.3544296622276306 0.7684938907623291 0.024314194917678833 0.021736323833465576 0.009264878928661346
0.8241212964057922 0.9245513677597046 0.016412019729614258 0.016557514667510986 0.009171533398330212
0.7588832378387451 0.27695050835609436 0.05505317449569702 0.043689191341400146 0.008964057080447674
0.5994557738304138 0.8947017788887024 0.03266286849975586 0.030091047286987305 0.008944064378738403
0.37118056416511536 0.5362551212310791 0.03852647542953491 0.03293532133102417 0.00888907816261053
0.593672513961792 0.6109194755554199 0.03707987070083618 0.032182276248931885 0.008811899460852146
0.7729190587997437 0.678891658782959 0.04207736253738403 0.028336048126220703 0.008770879358053207
0.6350410580635071 0.5921729207038879 0.02508711814880371 0.022474288940429688 0.008728332817554474
0.6720436811447144 0.9020360112190247 0.023759067058563232 0.021707773208618164 0.008655793964862823
0.7574626207351685 0.3311813175678253 0.03443300724029541 0.03197300434112549 0.008633478544652462
0.8175394535064697 0.8928354382514954 0.04931372404098511 0.03634607791900635 0.008290131576359272
0.8647199869155884 0.4328034520149231 0.03838139772415161 0.03230571746826172 0.008123594336211681
0.7521511316299438 0.6028188467025757 0.04030674695968628 0.03529852628707886 0.007918952032923698
0.7209326028823853 0.3317995071411133 0.03206026554107666 0.029807180166244507 0.007888579741120338
0.45395365357398987 0.4047352373600006 0.030154705047607422 0.027260899543762207 0.007882872596383095
0.8039050102233887 0.894385576248169 0.030770480632781982 0.03370779752731323 0.007830874994397163
0.9601563215255737 0.909674882888794 0.038124263286590576 0.028947055339813232 0.0077257901430130005
0.8030024766921997 0.8903053402900696 0.031240463256835938 0.03666043281555176 0.00771700032055378
0.5595532655715942 0.6048597097396851 0.028832614421844482 0.02505093812942505 0.007597027346491814
0.9648919105529785 0.9089270830154419 0.0366748571395874 0.02913874387741089 0.007516469340771437
0.8811019659042358 0.7412828207015991 0.03260725736618042 0.032458484172821045 0.007216828875243664
0.5865072011947632 0.9590790867805481 0.04054981470108032 0.030523300170898438 0.006976667325943708
0.6814168095588684 0.22723102569580078 0.02483677864074707 0.021897122263908386 0.006809975951910019
0.6592786312103271 0.8171684741973877 0.042214930057525635 0.03664630651473999 0.006788051221519709
0.8962282538414001 0.40877625346183777 0.04146003723144531 0.037401676177978516 0.0067808921448886395
0.841054379940033 0.6058297753334045 0.0402679443359375 0.03481554985046387 0.006769564468413591
0.49996834993362427 0.6232491731643677 0.019327372312545776 0.01877737045288086 0.006748478394001722
0.3453649580478668 0.5454183220863342 0.022454380989074707 0.022455215454101562 0.006714238319545984
0.7881091237068176 0.9528997540473938 0.027162790298461914 0.026617765426635742 0.0065785120241343975
0.4900588095188141 0.99034184217453 0.017346978187561035 0.014789581298828125 0.00648613041266799
0.8474435806274414 0.39450743794441223 0.040516674518585205 0.03385722637176514 0.006472029257565737
0.5358854532241821 0.6224236488342285 0.01920372247695923 0.017506003379821777 0.00642098905518651
0.3768399953842163 0.5340527296066284 0.038782089948654175 0.03334778547286987 0.006237877532839775
0.615039587020874 0.817720890045166 0.034982144832611084 0.026674866676330566 0.006234519649296999
0.34829646348953247 0.5437052845954895 0.021097242832183838 0.022186994552612305 0.006187979597598314
0.8277924060821533 0.8930100202560425 0.04325979948043823 0.02983778715133667 0.006117900367826223
0.5876420736312866 0.7682835459709167 0.044778406620025635 0.03704261779785156 0.006112590432167053
0.7647140026092529 0.6938831806182861 0.04319244623184204 0.04124528169631958 0.00610460015013814
0.40595537424087524 0.7896353602409363 0.024668604135513306 0.023288726806640625 0.006055885460227728
0.5441888570785522 0.6163920164108276 0.02479952573776245 0.023202121257781982 0.006035979837179184
0.7958900928497314 0.8297752141952515 0.026337802410125732 0.022798120975494385 0.005963488016277552
0.7961165904998779 0.21651989221572876 0.0459255576133728 0.03921227157115936 0.005950177554041147
0.8039562702178955 0.5347200036048889 0.04178500175476074 0.036641836166381836 0.005949489306658506
0.5612761974334717 0.6137982606887817 0.03648775815963745 0.036203742027282715 0.0059373583644628525
0.799990713596344 0.5301277041435242 0.043517351150512695 0.03244972229003906 0.005916022229939699
0.7952530980110168 0.3325223922729492 0.02997303009033203 0.032695919275283813 0.005775031168013811
0.7496789693832397 0.3968944549560547 0.03408259153366089 0.02825021743774414 0.0057396842166781425
0.4930909276008606 0.5766087770462036 0.031705111265182495 0.03437960147857666 0.005612728651612997
0.3769165873527527 0.5762832164764404 0.02452567219734192 0.02316570281982422 0.005440484266728163
0.5415123105049133 0.6865130662918091 0.018048882484436035 0.014841735363006592 0.005413366016000509
0.8331960439682007 0.6386492252349854 0.0378841757774353 0.031109154224395752 0.0053772409446537495
0.5573053359985352 0.24618417024612427 0.035388290882110596 0.027749836444854736 0.005301055032759905
0.8704461455345154 0.36857134103775024 0.031574249267578125 0.030157655477523804 0.005292857065796852
0.43031084537506104 0.48271775245666504 0.04030570387840271 0.03268662095069885 0.005270200315862894
0.7376965284347534 0.5387903451919556 0.024963676929473877 0.023517906665802002 0.0052164471708238125
0.4921950101852417 0.988911509513855 0.02201327681541443 0.0179021954536438 0.005189856048673391
0.5146123766899109 0.5985860824584961 0.03006383776664734 0.040606141090393066 0.005131070036441088
0.5959384441375732 0.902190089225769 0.033798396587371826 0.032193005084991455 0.0050899372436106205
0.6515771150588989 0.9941606521606445 0.03415811061859131 0.011277377605438232 0.004965292755514383
0.771320104598999 0.9464544057846069 0.01754361391067505 0.015601694583892822 0.0049626645632088184
0.8391878604888916 0.7735777497291565 0.04342156648635864 0.038397789001464844 0.004901971202343702
0.7248685956001282 0.5329475402832031 0.040616393089294434 0.028165161609649658 0.00477637117728591
0.5848577618598938 0.9951103329658508 0.025183439254760742 0.00977933406829834 0.004749996587634087
0.7859504222869873 0.6301705837249756 0.03524225950241089 0.024096310138702393 0.004723100923001766
0.6803493499755859 0.22590766847133636 0.03309255838394165 0.02947711944580078 0.004700143355876207
0.7559316158294678 0.6968759298324585 0.048132359981536865 0.04313415288925171 0.0046133017167449
0.7813701033592224 0.6728286743164062 0.04877471923828125 0.03298681974411011 0.004554535262286663
0.8411645889282227 0.7871218919754028 0.04111671447753906 0.04539072513580322 0.004528536926954985
0.9090510606765747 0.7717297077178955 0.019019484519958496 0.01672893762588501 0.00452268123626709
0.27893155813217163 0.5349794626235962 0.03852298855781555 0.03151816129684448 0.004499099217355251
0.7560769319534302 0.3254404664039612 0.04030102491378784 0.03339928388595581 0.00447267759591341
