x y width height conf
0.45490187406539917 0.6219455003738403 0.027886003255844116 0.02758967876434326 0.4104304015636444
0.636153519153595 0.20935547351837158 0.03265821933746338 0.03618068993091583 0.27495571970939636
0.6515634059906006 0.662026047706604 0.022803425788879395 0.02295553684234619 0.23307090997695923
0.5172168016433716 0.19246311485767365 0.029218971729278564 0.027435123920440674 0.22954313457012177
0.5321337580680847 0.9553858041763306 0.020477771759033203 0.019876837730407715 0.22646348178386688
0.3578757643699646 0.7631478309631348 0.024453073740005493 0.023749947547912598 0.22246283292770386
0.601646900177002 0.49887174367904663 0.02656114101409912 0.02628841996192932 0.21214468777179718
0.6019371747970581 0.49839580059051514 0.020956218242645264 0.020612329244613647 0.21145227551460266
0.1664832979440689 0.8506410717964172 0.02017587423324585 0.019178390502929688 0.21092234551906586
0.41923099756240845 0.9247976541519165 0.020399093627929688 0.018215537071228027 0.2094310075044632
0.3100196123123169 0.7980161905288696 0.036082178354263306 0.03361833095550537 0.20729900896549225
0.3141562342643738 0.723603367805481 0.031026452779769897 0.026750028133392334 0.19544242322444916
0.531023383140564 0.9554218649864197 0.02533513307571411 0.023593902587890625 0.19024203717708588
0.2896537482738495 0.6436331272125244 0.0388484001159668 0.032868802547454834 0.1893535703420639
0.42557692527770996 0.20311570167541504 0.031030744314193726 0.02800711989402771 0.18412496149539948
0.2885395288467407 0.6439460515975952 0.0343075692653656 0.02835160493850708 0.17556527256965637
0.635625958442688 0.20778599381446838 0.033892810344696045 0.039572909474372864 0.17152635753154755
0.271587610244751 0.4216243624687195 0.024170488119125366 0.021876126527786255 0.16981138288974762
0.30898284912109375 0.7984187602996826 0.04413127899169922 0.03928905725479126 0.16922707855701447
0.2720683217048645 0.42177334427833557 0.027487725019454956 0.02470797300338745 0.1573568880558014
0.27191609144210815 0.4221723675727844 0.029589742422103882 0.026904672384262085 0.15654033422470093
0.13058097660541534 0.8662999868392944 0.028177976608276367 0.02533489465713501 0.15580342710018158
0.4550642967224121 0.6210492253303528 0.03391352295875549 0.0342104434967041 0.13976603746414185
0.26404380798339844 0.7363265156745911 0.03250589966773987 0.029152631759643555 0.1309613287448883
0.13181813061237335 0.6320088505744934 0.030249744653701782 0.026842832565307617 0.12773653864860535
0.13559409976005554 0.6336930990219116 0.026869915425777435 0.02902168035507202 0.12513060867786407
0.12796542048454285 0.6326058506965637 0.04319737106561661 0.03808712959289551 0.11860299855470657
0.33933332562446594 0.6397900581359863 0.03451645374298096 0.03060472011566162 0.11209794133901596
0.14941179752349854 0.31333988904953003 0.028415441513061523 0.032157331705093384 0.1032710075378418
0.6511282920837402 0.6624420285224915 0.02903878688812256 0.02841055393218994 0.09890186786651611
0.5951756238937378 0.1307479441165924 0.038720667362213135 0.0449332669377327 0.09799546003341675
0.5985451936721802 0.22477680444717407 0.021467089653015137 0.021360978484153748 0.0966707319021225
0.3396688997745514 0.6384459733963013 0.036374568939208984 0.03526526689529419 0.09136262536048889
0.25052475929260254 0.6411780118942261 0.024456650018692017 0.022806107997894287 0.08805493265390396
0.1873384714126587 0.8730276226997375 0.01716284453868866 0.017214536666870117 0.08752098679542542
0.6699325442314148 0.31022733449935913 0.021612167358398438 0.02026805281639099 0.0832010954618454
0.16111542284488678 0.6885331273078918 0.022849828004837036 0.021472573280334473 0.08219622075557709
0.6939101219177246 0.22102756798267365 0.022507131099700928 0.022807031869888306 0.07731161266565323
0.24978074431419373 0.6414611339569092 0.028920933604240417 0.02779972553253174 0.07372310012578964
0.3565347194671631 0.7628572583198547 0.032680898904800415 0.028904318809509277 0.07017277926206589
0.42044222354888916 0.9248054623603821 0.026235967874526978 0.02222919464111328 0.0692044124007225
0.42468756437301636 0.2082478553056717 0.03349664807319641 0.030807018280029297 0.06821345537900925
0.16119173169136047 0.6889129877090454 0.019190773367881775 0.017831146717071533 0.0681251585483551
0.3155977129936218 0.7231206297874451 0.03936544060707092 0.030466556549072266 0.06609094142913818
0.3124074339866638 0.5930723547935486 0.026728719472885132 0.023971080780029297 0.0632605254650116
0.5188180208206177 0.192290261387825 0.034864962100982666 0.03359729051589966 0.06061746925115585
0.17778247594833374 0.7382408380508423 0.035827621817588806 0.03556346893310547 0.0595322884619236
0.5321829915046692 0.6216035485267639 0.02214789390563965 0.023184895515441895 0.05866706743836403
0.27211910486221313 0.4215210974216461 0.03567668795585632 0.0336340069770813 0.05618502199649811
0.10192736983299255 0.8262928128242493 0.030376367270946503 0.028472542762756348 0.05528714135289192
0.17404967546463013 0.44347965717315674 0.019390776753425598 0.021204084157943726 0.05476212501525879
0.27982592582702637 0.6011248826980591 0.02720889449119568 0.024140000343322754 0.05352550372481346
0.20172014832496643 0.6272625923156738 0.03967781364917755 0.03381311893463135 0.05066787824034691
0.48916736245155334 0.5372307300567627 0.02113121747970581 0.020425021648406982 0.05014661327004433
0.5392456650733948 0.6202658414840698 0.030337095260620117 0.026960015296936035 0.04918285459280014
0.3522780239582062 0.8755558133125305 0.023189067840576172 0.022573471069335938 0.048820678144693375
0.18091076612472534 0.3301643431186676 0.01777462661266327 0.016575336456298828 0.04800541326403618
0.41244277358055115 0.7543716430664062 0.029875576496124268 0.02894061803817749 0.046129483729600906
0.17398160696029663 0.44351711869239807 0.019646450877189636 0.022688090801239014 0.04554884135723114
0.5407980680465698 0.5224026441574097 0.016115248203277588 0.015460610389709473 0.0447324737906456
0.16686418652534485 0.8515785932540894 0.026157811284065247 0.02645188570022583 0.04337392747402191
0.19973021745681763 0.4399206340312958 0.024712681770324707 0.03586149215698242 0.04185708612203598
0.4325222969055176 0.7396867871284485 0.01510438323020935 0.015040755271911621 0.04172373190522194
0.19733186066150665 0.3999629616737366 0.025950253009796143 0.024416446685791016 0.0416996143758297
0.31293612718582153 0.8132476806640625 0.04784885048866272 0.04980778694152832 0.041356656700372696
0.17970144748687744 0.33080554008483887 0.02123984694480896 0.020152419805526733 0.041269004344940186
0.15706506371498108 0.30978965759277344 0.036922648549079895 0.035684674978256226 0.039764005690813065
0.17741888761520386 0.7395902872085571 0.02920965850353241 0.028290927410125732 0.03967305272817612
0.5563344955444336 0.7292543053627014 0.022842049598693848 0.0213392972946167 0.03910374268889427
0.42699742317199707 0.1931907832622528 0.03365212678909302 0.03393535315990448 0.038245465606451035
0.33787983655929565 0.6240156292915344 0.031076699495315552 0.03258538246154785 0.03676764294505119
0.42714112997055054 0.20273680984973907 0.03940513730049133 0.034664541482925415 0.03618059307336807
0.0999177098274231 0.41070863604545593 0.020497560501098633 0.021048545837402344 0.03572599217295647
0.41350194811820984 0.7530134320259094 0.02634716033935547 0.029753446578979492 0.03546970337629318
0.46177321672439575 0.6189926266670227 0.047514140605926514 0.041750311851501465 0.03538764268159866
0.6014493107795715 0.4983528256416321 0.03346288204193115 0.029811501502990723 0.03262355551123619
0.6710047721862793 0.3101714253425598 0.028204262256622314 0.023469924926757812 0.0319872684776783
0.5358713865280151 0.622477114200592 0.0310094952583313 0.02923452854156494 0.031501300632953644
0.20250511169433594 0.6266885995864868 0.04378661513328552 0.03698599338531494 0.029932351782917976
0.3114141821861267 0.8066311478614807 0.05457550287246704 0.052887678146362305 0.02952147275209427
0.2727959156036377 0.1598699390888214 0.030251353979110718 0.025546357035636902 0.02949371188879013
0.6952617764472961 0.5426509976387024 0.027010679244995117 0.025193214416503906 0.02919750288128853
0.17468877136707306 0.43868833780288696 0.022143691778182983 0.03377065062522888 0.02865299955010414
0.38510662317276 0.7213716506958008 0.033829718828201294 0.031076371669769287 0.028113706037402153
0.1903741955757141 0.7819976806640625 0.01480071246623993 0.014280498027801514 0.02795158512890339
0.18781808018684387 0.871999979019165 0.022966668009757996 0.022747457027435303 0.027689730748534203
0.4269045889377594 0.19032295048236847 0.03256702423095703 0.031691938638687134 0.027451958507299423
0.6381241679191589 0.2099987119436264 0.04190826416015625 0.04030442237854004 0.026988206431269646
0.5558342933654785 0.7298169136047363 0.029307305812835693 0.027472496032714844 0.026429517194628716
0.36914482712745667 0.25930243730545044 0.022475838661193848 0.020011916756629944 0.025314798578619957
0.3136690855026245 0.8024144172668457 0.045669883489608765 0.040975749492645264 0.024798749014735222
0.4316183924674988 0.7401601076126099 0.019086569547653198 0.019158899784088135 0.02475687861442566
0.2781327962875366 0.5992521047592163 0.03391551971435547 0.03232485055923462 0.02405073121190071
0.31437018513679504 0.8245329856872559 0.04534953832626343 0.030318856239318848 0.023279225453734398
0.17483752965927124 0.43827855587005615 0.023137524724006653 0.03166034817695618 0.023253045976161957
0.576978325843811 0.20027366280555725 0.022613167762756348 0.021311849355697632 0.02295180968940258
0.4723106622695923 0.6224309206008911 0.03491094708442688 0.03322404623031616 0.02294592186808586
0.16720779240131378 0.8491922616958618 0.024674177169799805 0.025664925575256348 0.02282661944627762
0.16571399569511414 0.8856780529022217 0.028919175267219543 0.02699226140975952 0.02208499237895012
0.6724033355712891 0.2808692157268524 0.022268176078796387 0.022034168243408203 0.021907510235905647
0.66865473985672 0.2724282741546631 0.03451406955718994 0.04135400056838989 0.021838128566741943
0.6568107604980469 0.33227431774139404 0.02330148220062256 0.020874112844467163 0.02175138145685196
0.5017491579055786 0.4221263527870178 0.021165072917938232 0.019939810037612915 0.021734576672315598
0.5305335521697998 0.9558137655258179 0.031033098697662354 0.030456960201263428 0.021436739712953568
0.3121584951877594 0.7232613563537598 0.04479169845581055 0.03447645902633667 0.02135857753455639
0.25142621994018555 0.8120219707489014 0.037720829248428345 0.03618055582046509 0.021358398720622063
0.5449031591415405 0.6143051385879517 0.024806439876556396 0.022947311401367188 0.02112181857228279
0.271747350692749 0.1606031209230423 0.0414181649684906 0.032274872064590454 0.02055429480969906
0.38579708337783813 0.7214447259902954 0.032906532287597656 0.029621481895446777 0.020551646128296852
0.5022199153900146 0.4222877621650696 0.017127811908721924 0.016279399394989014 0.02047516033053398
0.2634880244731903 0.7343796491622925 0.04071350395679474 0.036202847957611084 0.020374109968543053
0.2598181962966919 0.2933906614780426 0.03187030553817749 0.026206791400909424 0.020340856164693832
0.38644278049468994 0.72031569480896 0.02785000205039978 0.02594071626663208 0.019995389506220818
0.3387857675552368 0.6205552816390991 0.032379478216171265 0.028153955936431885 0.019155796617269516
0.31165122985839844 0.5943979024887085 0.03131493926048279 0.030137836933135986 0.01889461651444435
0.41737842559814453 0.7504584789276123 0.031422436237335205 0.03060966730117798 0.018405044451355934
0.42613571882247925 0.19657835364341736 0.04008558392524719 0.034084513783454895 0.01791388913989067
0.1907217800617218 0.7819754481315613 0.01941409707069397 0.017258644104003906 0.017875833436846733
0.5398686528205872 0.522477388381958 0.02319967746734619 0.02143615484237671 0.017495829612016678
0.4256955087184906 0.4094770550727844 0.015875816345214844 0.014099299907684326 0.017307603731751442
0.657152533531189 0.33087363839149475 0.019081056118011475 0.017831623554229736 0.016990406438708305
0.5299302339553833 0.6218522787094116 0.029643595218658447 0.028410613536834717 0.016820436343550682
0.2114717960357666 0.9592742919921875 0.02494664490222931 0.023110568523406982 0.01676468923687935
0.2594003975391388 0.29330459237098694 0.026540473103523254 0.022173702716827393 0.016517700627446175
0.6735150814056396 0.27849042415618896 0.03130155801773071 0.028736919164657593 0.016508765518665314
0.16517946124076843 0.8868923187255859 0.029158875346183777 0.02664029598236084 0.016123928129673004
0.4520709216594696 0.6217495203018188 0.04644584655761719 0.03653299808502197 0.015649370849132538
0.38204431533813477 0.7233939170837402 0.041507720947265625 0.03692871332168579 0.015418266877532005
0.13275523483753204 0.8682371377944946 0.03204098343849182 0.03174704313278198 0.015339751727879047
0.10107976943254471 0.4110804796218872 0.02673974633216858 0.024096667766571045 0.015272986143827438
0.664818286895752 0.2610337734222412 0.02730470895767212 0.029215440154075623 0.014826348051428795
0.3513522148132324 0.8769470453262329 0.030916303396224976 0.027277767658233643 0.014643833041191101
0.34473133087158203 0.5948079228401184 0.024891674518585205 0.02380657196044922 0.01445415336638689
0.24652999639511108 0.6415977478027344 0.0392792671918869 0.03207582235336304 0.01414724625647068
0.3694584369659424 0.26229116320610046 0.026203930377960205 0.026542678475379944 0.014140410348773003
0.3143625259399414 0.1777183711528778 0.022390931844711304 0.019719794392585754 0.013992241583764553
0.5031856298446655 0.641789436340332 0.02233809232711792 0.02014923095703125 0.013764545321464539
0.39467066526412964 0.6505851745605469 0.021313518285751343 0.021815478801727295 0.013547656126320362
0.6677759885787964 0.26662150025367737 0.029151439666748047 0.030714035034179688 0.01335324440151453
0.6496041417121887 0.6598570346832275 0.036951303482055664 0.0355798602104187 0.013294586911797523
0.17302291095256805 0.7376775741577148 0.04941558837890625 0.04511076211929321 0.013175973668694496
0.25134211778640747 0.8115831613540649 0.034344568848609924 0.031275153160095215 0.012972565367817879
0.31464141607284546 0.17716291546821594 0.027358323335647583 0.024963468313217163 0.012686869129538536
0.42316943407058716 0.6597080230712891 0.025764644145965576 0.025308430194854736 0.012566315941512585
0.6950645446777344 0.541767418384552 0.03135615587234497 0.028083443641662598 0.01256578229367733
0.21913465857505798 0.24518486857414246 0.027162179350852966 0.029413744807243347 0.012543443590402603
0.1583857387304306 0.6885513067245483 0.03642284870147705 0.03007495403289795 0.012015092186629772
0.66642165184021 0.3135250210762024 0.031358182430267334 0.030900627374649048 0.011748435907065868
0.3154870271682739 0.8281822204589844 0.04650279879570007 0.02822035551071167 0.011484235525131226
0.5956756472587585 0.22402209043502808 0.0319371223449707 0.030337199568748474 0.011089173145592213
0.2650902271270752 0.26660066843032837 0.03931379318237305 0.03007429838180542 0.010936212725937366
0.27192384004592896 0.4225116968154907 0.03322449326515198 0.033586710691452026 0.010912369005382061
0.32301509380340576 0.7190197706222534 0.05024150013923645 0.03719121217727661 0.010702881962060928
0.361359179019928 0.11106657981872559 0.032958775758743286 0.026218898594379425 0.010601233690977097
0.31719398498535156 0.8241294622421265 0.04573184251785278 0.03141552209854126 0.010225092060863972
0.6933872699737549 0.22054630517959595 0.01919764280319214 0.018089577555656433 0.01017027162015438
0.29464519023895264 0.6437926888465881 0.04383936524391174 0.03472006320953369 0.010026749223470688
0.006497910711914301 0.6503735780715942 0.012995821423828602 0.03179800510406494 0.009979084134101868
0.3126736283302307 0.7964644432067871 0.049990832805633545 0.04103749990463257 0.009962327778339386
0.2631842792034149 0.2860458493232727 0.038832202553749084 0.04068106412887573 0.00987327191978693
0.5041758418083191 0.6411691904067993 0.027606576681137085 0.029267966747283936 0.009676195681095123
0.47792550921440125 0.6011390089988708 0.022960662841796875 0.018354415893554688 0.009651442989706993
0.27171626687049866 0.26774829626083374 0.027774333953857422 0.02316102385520935 0.009545733220875263
0.10399305820465088 0.8251851797103882 0.03591584414243698 0.03454548120498657 0.00949478056281805
0.17892280220985413 0.33095282316207886 0.0233050137758255 0.019951283931732178 0.009481936693191528
0.35621094703674316 0.7623200416564941 0.043068885803222656 0.03641432523727417 0.009397532790899277
0.34162694215774536 0.6417127847671509 0.0429893434047699 0.036635398864746094 0.009379984810948372
0.4917094111442566 0.5375006794929504 0.03523561358451843 0.030947327613830566 0.009340155869722366
0.20019832253456116 0.3977142870426178 0.033366963267326355 0.029594898223876953 0.009331331588327885
0.16460219025611877 0.38126951456069946 0.01881098747253418 0.01769128441810608 0.009171048179268837
0.4576879143714905 0.6253536343574524 0.03983154892921448 0.04210090637207031 0.009100181981921196
0.18163971602916718 0.44061508774757385 0.03394579887390137 0.035727500915527344 0.009019691497087479
0.25930869579315186 0.2618100643157959 0.029624849557876587 0.02221900224685669 0.008997835218906403
0.014684830792248249 0.8523080348968506 0.01376013271510601 0.012948453426361084 0.008862931281328201
0.5132524371147156 0.19198352098464966 0.04854127764701843 0.037658095359802246 0.008859937079250813
0.346102774143219 0.7052870988845825 0.02557888627052307 0.02173513174057007 0.008849060162901878
0.63288813829422 0.20291513204574585 0.03431379795074463 0.03676195442676544 0.00874048750847578
0.3456888794898987 0.5956541895866394 0.0196017324924469 0.01772785186767578 0.008715452626347542
0.3964654803276062 0.6526665687561035 0.028126657009124756 0.028482377529144287 0.008683765307068825
0.19912445545196533 0.6265171766281128 0.04775881767272949 0.04031449556350708 0.008447947911918163
0.3097630739212036 0.891158938407898 0.016717344522476196 0.016708552837371826 0.008074091747403145
0.6722067594528198 0.2850641906261444 0.031738460063934326 0.027842283248901367 0.007996383123099804
0.5952051281929016 0.1297166347503662 0.033466339111328125 0.03572549670934677 0.007955026812851429
0.16055649518966675 0.3184660077095032 0.047615304589271545 0.042950570583343506 0.007723888847976923
0.12313780188560486 0.633636474609375 0.04883597046136856 0.04641914367675781 0.007660428527742624
0.35950374603271484 0.11042851209640503 0.026890933513641357 0.02240586280822754 0.007571312133222818
0.4096859097480774 0.08965040743350983 0.027317702770233154 0.02538900077342987 0.007557259406894445
0.42316317558288574 0.20873741805553436 0.04126778244972229 0.03672170639038086 0.007343813311308622
0.3565897047519684 0.7727327346801758 0.03085535764694214 0.03349876403808594 0.006930297706276178
0.49819695949554443 0.6367062330245972 0.04002407193183899 0.04047161340713501 0.006927167531102896
0.4772149622440338 0.5982978940010071 0.028629004955291748 0.025887489318847656 0.006881143897771835
0.3540232181549072 0.7762360572814941 0.03121212124824524 0.03356856107711792 0.006803927943110466
0.1615082025527954 0.30710703134536743 0.03180904686450958 0.0351526141166687 0.006715895142406225
0.1739346981048584 0.44223901629447937 0.026994794607162476 0.02681446075439453 0.006565816234797239
0.2505033314228058 0.8089070320129395 0.04147791862487793 0.03856295347213745 0.006463737692683935
0.1471477597951889 0.3140053451061249 0.03724515438079834 0.0372011661529541 0.006341997999697924
0.27686548233032227 0.5978130102157593 0.04352220892906189 0.036495983600616455 0.0061765797436237335
0.19471874833106995 0.4000222682952881 0.031527236104011536 0.03016558289527893 0.006044447422027588
0.42138671875 0.6592081785202026 0.031571388244628906 0.03104478120803833 0.006024552509188652
0.5412608981132507 0.2863752543926239 0.022894859313964844 0.021911144256591797 0.005954675376415253
0.30830079317092896 0.8889616131782532 0.019425690174102783 0.01997685432434082 0.005848790518939495
0.31474798917770386 0.7260096669197083 0.043234556913375854 0.0401843786239624 0.005829640664160252
0.4080492854118347 0.08924180269241333 0.03244772553443909 0.02947402000427246 0.00576977152377367
0.4242558479309082 0.7425887584686279 0.03269520401954651 0.030086040496826172 0.005768338218331337
0.6700127124786377 0.28305715322494507 0.03739398717880249 0.03508320450782776 0.005734665784984827
0.34284472465515137 0.8785711526870728 0.038781940937042236 0.02712804079055786 0.0056196581572294235
0.2656397521495819 0.2664676010608673 0.03962536156177521 0.030235648155212402 0.005573348607867956
0.20495766401290894 0.631730318069458 0.04704953730106354 0.044053852558135986 0.005479542538523674
0.42529451847076416 0.4100152850151062 0.01928064227104187 0.019879251718521118 0.005368047393858433
0.17432346940040588 0.4438748359680176 0.024031445384025574 0.029359906911849976 0.005347677506506443
0.33710211515426636 0.6323016285896301 0.04539808630943298 0.04517042636871338 0.005346977151930332
0.4798969328403473 0.6189060211181641 0.035430312156677246 0.039779484272003174 0.005267648957669735
0.5727117657661438 0.2921885550022125 0.02028524875640869 0.018863379955291748 0.005251308437436819
0.5985301733016968 0.13218918442726135 0.033882319927215576 0.04131355881690979 0.00524984672665596
0.008256462402641773 0.6462913155555725 0.016512924805283546 0.03315544128417969 0.005210213363170624
0.3749866187572479 0.7328183650970459 0.04014730453491211 0.034663617610931396 0.0051877317018806934
0.20173901319503784 0.4413192868232727 0.027428820729255676 0.03273525834083557 0.005117723718285561
0.6591017246246338 0.329850435256958 0.026214778423309326 0.02061980962753296 0.0050983671098947525
0.2672281265258789 0.2713766098022461 0.039423272013664246 0.030872434377670288 0.005007707979530096
0.40651848912239075 0.08804712444543839 0.029629111289978027 0.027262210845947266 0.004942002706229687
0.4001130163669586 0.17100153863430023 0.024506866931915283 0.021975040435791016 0.004876641556620598
0.21221143007278442 0.5862489938735962 0.0240546315908432 0.02517068386077881 0.004872935824096203
0.4221135377883911 0.6082251071929932 0.017540186643600464 0.017181098461151123 0.00478585297241807
0.4024759531021118 0.1746145635843277 0.026974111795425415 0.02383631467819214 0.004744211211800575
0.25725698471069336 0.29273396730422974 0.034676358103752136 0.027606874704360962 0.004624329041689634
0.5327577590942383 0.6254692077636719 0.03427332639694214 0.03217583894729614 0.004594738129526377
0.5223290920257568 0.6275566816329956 0.02734774351119995 0.03102213144302368 0.0045802597887814045
0.38235002756118774 0.7204955220222473 0.040552616119384766 0.03808307647705078 0.004566818010061979
0.6984555721282959 0.5426076650619507 0.03561115264892578 0.03128868341445923 0.004497043322771788
0.2805706262588501 0.6035483479499817 0.04246005415916443 0.03681015968322754 0.00448707677423954
0.17766979336738586 0.9427584409713745 0.014372259378433228 0.014527738094329834 0.004476411733776331
0.5844629406929016 0.15662670135498047 0.018964052200317383 0.01662805676460266 0.004438844509422779
0.3814648687839508 0.6040040254592896 0.034692227840423584 0.028252720832824707 0.004437681287527084
0.39921289682388306 0.17257651686668396 0.029233276844024658 0.02788381278514862 0.0043542273342609406
0.6257878541946411 0.21507388353347778 0.03812062740325928 0.04467563331127167 0.0043016341514885426
0.37470734119415283 0.7283015251159668 0.040978699922561646 0.03725147247314453 0.004273788537830114
0.13152021169662476 0.8575344085693359 0.03343529999256134 0.034963250160217285 0.004223293159157038
0.4047966003417969 0.0887940302491188 0.035369306802749634 0.03163588047027588 0.0042167771607637405
0.33544376492500305 0.6250468492507935 0.042852044105529785 0.037464797496795654 0.004133153241127729
0.18144968152046204 0.7455626726150513 0.036520570516586304 0.032315194606781006 0.00411125086247921
0.20986589789390564 0.5884984731674194 0.019875958561897278 0.020208895206451416 0.0041098748333752155
0.5539465546607971 0.7346475124359131 0.030849814414978027 0.03186911344528198 0.004098387435078621
0.12865792214870453 0.8650287985801697 0.03712024539709091 0.03145122528076172 0.004085851367563009
0.6361676454544067 0.20680472254753113 0.05014324188232422 0.05032210052013397 0.004061194136738777
0.3397332727909088 0.611504316329956 0.03175288438796997 0.032845497131347656 0.0040002246387302876
0.16919811069965363 0.8836261034011841 0.03706330060958862 0.032525062561035156 0.003952620085328817
0.13786466419696808 0.6295350193977356 0.04957786202430725 0.04112398624420166 0.003946748562157154
0.14037573337554932 0.4391240179538727 0.014598116278648376 0.013685882091522217 0.003941600676625967
0.3466619849205017 0.7037181854248047 0.030548155307769775 0.02605956792831421 0.0038717533461749554
0.36434388160705566 0.9576009511947632 0.025993913412094116 0.021095693111419678 0.003833584953099489
0.16525085270404816 0.3819648027420044 0.023373693227767944 0.022720903158187866 0.0038286622148007154
0.31512749195098877 0.640373945236206 0.018491655588150024 0.030717074871063232 0.0038270805962383747
0.22339865565299988 0.5799747705459595 0.024883076548576355 0.02691495418548584 0.003736474085599184
0.34002387523651123 0.6292752623558044 0.039853304624557495 0.044300079345703125 0.003713341196998954
0.28044945001602173 0.12812677025794983 0.015399545431137085 0.013939805328845978 0.0036531821824610233
0.2761644721031189 0.7322061657905579 0.061300128698349 0.048584699630737305 0.003559970762580633
0.26609301567077637 0.7411744594573975 0.04173964262008667 0.040035903453826904 0.0035430958960205317
0.5916517972946167 0.12556880712509155 0.054796040058135986 0.05058415234088898 0.0035040194634348154
0.42588838934898376 0.18179698288440704 0.03772258758544922 0.032349199056625366 0.003464349778369069
0.4976385235786438 0.6366857290267944 0.028067022562026978 0.02879410982131958 0.003459372092038393
0.15655365586280823 0.7279977798461914 0.04776683449745178 0.03989678621292114 0.0034103149082511663
0.592582106590271 0.37174683809280396 0.016343295574188232 0.014830291271209717 0.0033789947628974915
0.3986195921897888 0.7454273700714111 0.043303102254867554 0.03426647186279297 0.0033661595080047846
0.3202528953552246 0.7292073965072632 0.05391070246696472 0.045979082584381104 0.003335779532790184
0.5435075759887695 0.5230089426040649 0.03101503849029541 0.026909708976745605 0.003307934384793043
0.691368043422699 0.6370066404342651 0.021444320678710938 0.025463879108428955 0.0033003902062773705
0.3618775010108948 0.9582979679107666 0.025442034006118774 0.020495951175689697 0.0032971904147416353
0.1387520581483841 0.8571779727935791 0.03523058444261551 0.036535680294036865 0.00329321576282382
0.5790382623672485 0.20118895173072815 0.036693692207336426 0.03264203667640686 0.003276635194197297
0.5276833772659302 0.6187118291854858 0.03729456663131714 0.03422123193740845 0.003263398539274931
0.12960562109947205 0.6265425086021423 0.05246897041797638 0.042357444763183594 0.003258930053561926
0.1811777651309967 0.8747648000717163 0.03270535171031952 0.029604732990264893 0.0032255477271974087
0.30239051580429077 0.5961740612983704 0.038458555936813354 0.035726308822631836 0.0031980888452380896
0.34897705912590027 0.8785772323608398 0.039049625396728516 0.03570443391799927 0.0031889586243778467
0.40120917558670044 0.6547566652297974 0.028601348400115967 0.02842581272125244 0.003183519933372736
0.16561758518218994 0.30805617570877075 0.03859125077724457 0.040571391582489014 0.0031797224655747414
0.3625967502593994 0.7570832967758179 0.04114168882369995 0.04042923450469971 0.0031600960064679384
0.31217288970947266 0.8242824077606201 0.055854231119155884 0.049936115741729736 0.0031342937145382166
0.4252621531486511 0.6117591261863708 0.020591527223587036 0.026187419891357422 0.0031028029043227434
0.3159005045890808 0.17849279940128326 0.036951929330825806 0.030082881450653076 0.0030963202007114887
0.37616002559661865 0.7283507585525513 0.05015715956687927 0.038369953632354736 0.003073532599955797
0.3964546024799347 0.2852329611778259 0.0172274112701416 0.015072137117385864 0.003024609526619315
0.2752556800842285 0.26905936002731323 0.030438601970672607 0.02670946717262268 0.0029612742364406586
0.40918564796447754 0.7571910619735718 0.03644055128097534 0.03070974349975586 0.0029535293579101562
0.25089865922927856 0.8087894320487976 0.052920058369636536 0.04783344268798828 0.0029378889594227076
0.4882972836494446 0.18850064277648926 0.024824142456054688 0.028556838631629944 0.0028996882028877735
0.5731089115142822 0.4609023928642273 0.015008151531219482 0.014523297548294067 0.002892558230087161
0.5546624660491943 0.6194257736206055 0.02371680736541748 0.02484196424484253 0.002874567871913314
0.4753076434135437 0.6132527589797974 0.040570467710494995 0.04256480932235718 0.002871229313313961
0.011464636772871017 0.8528205752372742 0.017454326152801514 0.01702117919921875 0.002765494864434004
0.6548763513565063 0.23210546374320984 0.019345402717590332 0.018833354115486145 0.002725310390815139
0.39179128408432007 0.6505263447761536 0.029849767684936523 0.027142763137817383 0.0027166991494596004
0.16254682838916779 0.33434170484542847 0.018964916467666626 0.016559332609176636 0.002705423394218087
0.38667893409729004 0.6475496292114258 0.029739081859588623 0.026892662048339844 0.0027003539726138115
0.17415054142475128 0.4324033856391907 0.030658870935440063 0.0359133780002594 0.0026941653341054916
0.5714614391326904 0.29336443543434143 0.025431692600250244 0.02496647834777832 0.002669887151569128
0.5537189245223999 0.7317976355552673 0.03868073225021362 0.03598308563232422 0.002666083164513111
0.22102096676826477 0.5819413661956787 0.0362856388092041 0.035693585872650146 0.0026518660597503185
0.6007257699966431 0.2263520359992981 0.030795574188232422 0.027772143483161926 0.002609976101666689
0.1240953803062439 0.6153140068054199 0.05070626735687256 0.05772274732589722 0.0025629543233662844
