x y width height conf
0.6219536066055298 0.32981908321380615 0.014928817749023438 0.014376610517501831 0.46100544929504395
0.06534969061613083 0.3108188807964325 0.01246369257569313 0.013199329376220703 0.27972662448883057
0.7393960952758789 0.06299157440662384 0.014864623546600342 0.01469108834862709 0.27890145778656006
0.24736928939819336 0.5723876953125 0.0287274569272995 0.03066396713256836 0.2684474587440491
0.513555645942688 0.6224348545074463 0.030964285135269165 0.02783888578414917 0.25310999155044556
0.3419573903083801 0.8771970272064209 0.021705448627471924 0.020826756954193115 0.2406892627477646
0.3596864342689514 0.9386969804763794 0.018866628408432007 0.01867830753326416 0.2363678216934204
0.45603981614112854 0.2522628903388977 0.03175640106201172 0.02774830162525177 0.19793060421943665
0.4515334963798523 0.2534773349761963 0.03040751814842224 0.02335129678249359 0.19632510840892792
0.39178043603897095 0.9181448221206665 0.024156242609024048 0.02266216278076172 0.18485529720783234
0.6224273443222046 0.3302701711654663 0.021194636821746826 0.01966184377670288 0.17943841218948364
0.21542023122310638 0.3300856351852417 0.012195825576782227 0.011975198984146118 0.17910727858543396
0.21406227350234985 0.6335413455963135 0.04047785699367523 0.04926508665084839 0.16837680339813232
0.34071362018585205 0.8784881830215454 0.027262359857559204 0.026654422283172607 0.16344133019447327
0.3045716881752014 0.5467220544815063 0.02134767174720764 0.018586337566375732 0.1537294238805771
0.4856579899787903 0.9649505615234375 0.01582661271095276 0.015226006507873535 0.13926079869270325
0.30437856912612915 0.5476553440093994 0.03213980793952942 0.027148902416229248 0.13494203984737396
0.35995733737945557 0.9387367367744446 0.0233859121799469 0.022461295127868652 0.13105957210063934
0.3407555818557739 0.8826130032539368 0.03196677565574646 0.03190422058105469 0.128932386636734
0.2822329103946686 0.6717303991317749 0.03447169065475464 0.02865356206893921 0.12720312178134918
0.7388609051704407 0.06271829456090927 0.020084500312805176 0.01885830983519554 0.12095510214567184
0.2512786388397217 0.5703473091125488 0.03561514616012573 0.0346032977104187 0.11806169152259827
0.15048599243164062 0.9879251718521118 0.021344423294067383 0.019916176795959473 0.11804112792015076
0.2827785015106201 0.6712478399276733 0.024373531341552734 0.021499812602996826 0.11370592564344406
0.22637763619422913 0.8626077175140381 0.023453712463378906 0.024996936321258545 0.11293826252222061
0.21877628564834595 0.6364259123802185 0.03205882012844086 0.040160179138183594 0.1045721173286438
0.2371981143951416 0.5174667835235596 0.028930947184562683 0.025819003582000732 0.10348904132843018
0.4856085777282715 0.9648585319519043 0.014805614948272705 0.014315247535705566 0.10348748415708542
0.21857008337974548 0.8827053308486938 0.014662161469459534 0.013556122779846191 0.09982666373252869
0.3503519296646118 0.822740912437439 0.02819642424583435 0.028836071491241455 0.08985529839992523
0.2370893508195877 0.5177307724952698 0.02350705862045288 0.020405054092407227 0.07951991260051727
0.33959048986434937 0.8314712643623352 0.01924571394920349 0.018983840942382812 0.07908899337053299
0.2884098291397095 0.8524641990661621 0.027875512838363647 0.024812698364257812 0.07791106402873993
0.6220179796218872 0.33011144399642944 0.025296390056610107 0.02527180314064026 0.07757564634084702
0.5607474446296692 0.5261460542678833 0.013856649398803711 0.01392287015914917 0.07566172629594803
0.3417168855667114 0.8302815556526184 0.026925891637802124 0.02393317222595215 0.07054515182971954
0.06542430818080902 0.3112766146659851 0.016369927674531937 0.017919808626174927 0.069759301841259
0.5138784050941467 0.6210758090019226 0.03705427050590515 0.035015106201171875 0.0683770552277565
0.2354871779680252 0.5136218070983887 0.02876204252243042 0.030275195837020874 0.061249762773513794
0.4859556555747986 0.9650207757949829 0.019282251596450806 0.017532706260681152 0.06090673804283142
0.35165935754776 0.34942927956581116 0.019580036401748657 0.02125704288482666 0.05940474569797516
0.22599287331104279 0.8637181520462036 0.024916350841522217 0.024475276470184326 0.05793073773384094
0.4507521688938141 0.6587356925010681 0.02933788299560547 0.024805068969726562 0.057492297142744064
0.2827315330505371 0.6721051931381226 0.044350624084472656 0.03711634874343872 0.05740832909941673
0.4234941601753235 0.4986298680305481 0.019908994436264038 0.018893033266067505 0.05341041833162308
0.22229059040546417 0.6433356404304504 0.04010540246963501 0.03868556022644043 0.05091482400894165
0.3034094572067261 0.5472337007522583 0.04059797525405884 0.031509578227996826 0.04829861968755722
0.28458741307258606 0.2974708080291748 0.016375064849853516 0.016479462385177612 0.04715923219919205
0.3915066123008728 0.9199777841567993 0.029860585927963257 0.028718173503875732 0.0466657355427742
0.2184891253709793 0.8825243711471558 0.01796826720237732 0.01648658514022827 0.04189423844218254
0.4245259463787079 0.4999338388442993 0.02530193328857422 0.02410784363746643 0.04113340005278587
0.2459910362958908 0.5727869272232056 0.03514108061790466 0.0366021990776062 0.0348954014480114
0.2912241816520691 0.8531282544136047 0.03808090090751648 0.030802488327026367 0.034286387264728546
0.5613512992858887 0.5259342789649963 0.017885863780975342 0.016286611557006836 0.03396422043442726
0.35798516869544983 0.938767671585083 0.03209942579269409 0.027294576168060303 0.03357752785086632
0.44409412145614624 0.6119688153266907 0.030663758516311646 0.023807764053344727 0.03207900747656822
0.22591570019721985 0.8704725503921509 0.031327009201049805 0.03465080261230469 0.02986915409564972
0.20122292637825012 0.5627820491790771 0.019426867365837097 0.020007669925689697 0.028798051178455353
0.3538254201412201 0.8207405209541321 0.029215335845947266 0.02855396270751953 0.028697839006781578
0.6513407230377197 0.24280601739883423 0.021252810955047607 0.019592180848121643 0.026018526405096054
0.28891217708587646 0.4882461726665497 0.021042346954345703 0.019855499267578125 0.025997919961810112
0.4495142996311188 0.6627506017684937 0.029749393463134766 0.03150135278701782 0.02472207508981228
0.3422001898288727 0.8293184041976929 0.03205454349517822 0.03188663721084595 0.022385835647583008
0.2153521627187729 0.33121436834335327 0.015307426452636719 0.015616148710250854 0.02085762284696102
0.20952458679676056 0.6237002611160278 0.036615192890167236 0.03165978193283081 0.020650647580623627
0.3656023144721985 0.322136789560318 0.013845354318618774 0.01317507028579712 0.019419047981500626
0.32340577244758606 0.49833059310913086 0.01775491237640381 0.016501277685165405 0.0190398171544075
0.4518657922744751 0.25544947385787964 0.036636561155319214 0.031851574778556824 0.01861637271940708
0.3537210524082184 0.8185784816741943 0.03309601545333862 0.030813992023468018 0.018395021557807922
0.4427165985107422 0.6119317412376404 0.036873817443847656 0.0285491943359375 0.018153458833694458
0.4522187411785126 0.6576046943664551 0.036772727966308594 0.03274279832839966 0.01745094545185566
0.7245956659317017 0.5780717134475708 0.01707780361175537 0.015234291553497314 0.017217617481946945
0.3411121368408203 0.8381713628768921 0.02520856261253357 0.029808461666107178 0.017014889046549797
0.25136739015579224 0.5704230070114136 0.044446513056755066 0.044142067432403564 0.016890238970518112
0.6507363319396973 0.244294211268425 0.024322509765625 0.02125510573387146 0.016387714073061943
0.3287116289138794 0.8536615371704102 0.016495496034622192 0.015710830688476562 0.015702618286013603
0.3686040937900543 0.496562123298645 0.02440965175628662 0.0220659077167511 0.015078087337315083
0.34862565994262695 0.8246356248855591 0.03819438815116882 0.03614675998687744 0.014906286261975765
0.4533725678920746 0.5807853937149048 0.027348995208740234 0.02484363317489624 0.014839810319244862
0.33678507804870605 0.8374754190444946 0.03068763017654419 0.03443944454193115 0.014825588092207909
0.45665663480758667 0.25385457277297974 0.03914681077003479 0.036625102162361145 0.014573118649423122
0.4549561142921448 0.581926167011261 0.01980990171432495 0.01951754093170166 0.014290194027125835
0.3512627184391022 0.44919806718826294 0.022604286670684814 0.02026042342185974 0.013783496804535389
0.3422413170337677 0.8771260380744934 0.033566415309906006 0.032232046127319336 0.01357944868505001
0.2336083948612213 0.512764573097229 0.03652834892272949 0.035471946001052856 0.013478720560669899
0.34514766931533813 0.8516913652420044 0.015460103750228882 0.014500021934509277 0.013302622362971306
0.2666369676589966 0.39761701226234436 0.017003744840621948 0.01699209213256836 0.012927724048495293
0.40826740860939026 0.5681548118591309 0.04130733013153076 0.03530329465866089 0.012523367069661617
0.28806784749031067 0.4876307547092438 0.020926177501678467 0.01905423402786255 0.012315074913203716
0.27691665291786194 0.3735276460647583 0.01636946201324463 0.014942348003387451 0.012270703911781311
0.42329978942871094 0.498818576335907 0.032963186502456665 0.027034729719161987 0.01175761315971613
0.4194822907447815 0.5032756328582764 0.03339463472366333 0.028166592121124268 0.011613377369940281
0.28807875514030457 0.4881717264652252 0.02146744728088379 0.01955890655517578 0.011324265971779823
0.4183011054992676 0.4996519982814789 0.030183017253875732 0.025571048259735107 0.011264512315392494
0.36299845576286316 0.8170464038848877 0.04228067398071289 0.031315624713897705 0.011062875390052795
0.1494276523590088 0.9891990423202515 0.029224514961242676 0.021601974964141846 0.010944556444883347
0.4092324376106262 0.5689775943756104 0.03353625535964966 0.026345789432525635 0.010842774994671345
0.3659934401512146 0.5018390417098999 0.03214317560195923 0.032574087381362915 0.010772394947707653
0.36858391761779785 0.3331359922885895 0.016459375619888306 0.018319904804229736 0.010535402223467827
0.7239170670509338 0.5776433944702148 0.015449285507202148 0.014460384845733643 0.010519497096538544
0.37095579504966736 0.4976760745048523 0.02818775177001953 0.026912301778793335 0.010509699583053589
0.26423346996307373 0.39769649505615234 0.022164136171340942 0.020558655261993408 0.010227762162685394
0.37062111496925354 0.3387826979160309 0.013304531574249268 0.01361149549484253 0.009965403936803341
0.44872361421585083 0.6626447439193726 0.04382401704788208 0.03850787878036499 0.009664924815297127
0.22971151769161224 0.8679069876670837 0.034719228744506836 0.03925132751464844 0.009421205148100853
0.35091307759284973 0.8237107992172241 0.03784209489822388 0.03475993871688843 0.009206346236169338
0.22538386285305023 0.864388108253479 0.029062747955322266 0.02956867218017578 0.009188470430672169
0.33523643016815186 0.8835196495056152 0.0401211678981781 0.03639984130859375 0.00913863256573677
0.2458578646183014 0.5712466239929199 0.03806962072849274 0.039457499980926514 0.00870564952492714
0.30490341782569885 0.5912688970565796 0.031043827533721924 0.027037441730499268 0.008524483069777489
0.2304895520210266 0.8687591552734375 0.037210360169410706 0.04213368892669678 0.007761233951896429
0.512684166431427 0.6267811059951782 0.039682984352111816 0.041215717792510986 0.007701121736317873
0.3345296084880829 0.34229350090026855 0.012407779693603516 0.013688623905181885 0.007518973667174578
0.360085129737854 0.9404542446136475 0.030228883028030396 0.0348626971244812 0.007482351269572973
0.6514483690261841 0.2442600280046463 0.026664257049560547 0.025667577981948853 0.0074149854481220245
0.6447489261627197 0.705470085144043 0.013550221920013428 0.013255119323730469 0.007265095598995686
0.6187385320663452 0.3307928144931793 0.028616130352020264 0.02117013931274414 0.007128657307475805
0.2833094000816345 0.29645541310310364 0.020977765321731567 0.023818373680114746 0.007093996740877628
0.3519895672798157 0.35402923822402954 0.02469015121459961 0.021930783987045288 0.007022712845355272
0.365492582321167 0.4972197413444519 0.028305143117904663 0.026472657918930054 0.006968931760638952
0.35260945558547974 0.516016960144043 0.023306667804718018 0.02043914794921875 0.006960475817322731
0.4437442421913147 0.25552287697792053 0.032611459493637085 0.023603543639183044 0.0067980531603097916
0.37296879291534424 0.5580626130104065 0.025248020887374878 0.025404930114746094 0.00669176084920764
0.20241732895374298 0.5637673139572144 0.025686442852020264 0.02658134698867798 0.006542187184095383
0.3233566880226135 0.49901124835014343 0.021729767322540283 0.019939839839935303 0.006478965748101473
0.40749990940093994 0.5645256042480469 0.03858116269111633 0.03464508056640625 0.006418151780962944
0.3787742257118225 0.7848358750343323 0.0209539532661438 0.019861340522766113 0.006129705812782049
0.4465111792087555 0.6716285943984985 0.028672397136688232 0.027247071266174316 0.005909491330385208
0.36091548204421997 0.5059399604797363 0.03103390336036682 0.03704759478569031 0.005874693393707275
0.3505338430404663 0.5174787640571594 0.02474188804626465 0.024881720542907715 0.00580080458894372
0.4047871232032776 0.5206543207168579 0.018278300762176514 0.014025568962097168 0.005790358874946833
0.37134280800819397 0.8156378269195557 0.03841114044189453 0.029887020587921143 0.005753218661993742
0.5577852725982666 0.312513530254364 0.014378368854522705 0.012001752853393555 0.005706010386347771
0.28585007786750793 0.8528047800064087 0.04018169641494751 0.033956706523895264 0.005623234901577234
0.2489795684814453 0.5768750309944153 0.037294790148735046 0.04163014888763428 0.005471053998917341
0.35445690155029297 0.5145964622497559 0.031073182821273804 0.0312250554561615 0.005379508249461651
0.6471289396286011 0.24669766426086426 0.03345334529876709 0.02573251724243164 0.00531211169436574
0.15677621960639954 0.5310430526733398 0.01601870357990265 0.015337944030761719 0.005257544573396444
0.1702636331319809 0.7975401878356934 0.025345802307128906 0.02785778045654297 0.005193835124373436
0.545944333076477 0.6522876024246216 0.012857615947723389 0.013402581214904785 0.005130743607878685
0.7248787879943848 0.48104530572891235 0.01740586757659912 0.015225321054458618 0.004931164905428886
0.21895261108875275 0.883167564868927 0.023914635181427002 0.025136709213256836 0.004902829881757498
0.7496957778930664 0.3213532567024231 0.01567763090133667 0.014494329690933228 0.00489126006141305
0.370836079120636 0.5617338418960571 0.03043156862258911 0.034327566623687744 0.00488897692412138
0.21218538284301758 0.6240553855895996 0.04459281265735626 0.042093098163604736 0.004685610067099333
0.4110109806060791 0.5722292065620422 0.039497196674346924 0.032942891120910645 0.0045445929281413555
0.40288227796554565 0.5199172496795654 0.02524206042289734 0.019473373889923096 0.0044691478833556175
0.155748188495636 0.5310040712356567 0.019342705607414246 0.018623173236846924 0.004387418273836374
0.36385995149612427 0.3222500681877136 0.01887434720993042 0.017889589071273804 0.004317712504416704
0.37862682342529297 0.7840772271156311 0.02659386396408081 0.02174663543701172 0.004278840031474829
0.5681740641593933 0.6336800456047058 0.013704776763916016 0.01328420639038086 0.004203451331704855
0.34634697437286377 0.8805925846099854 0.039824873208999634 0.03588789701461792 0.004024341236799955
0.4057682752609253 0.29206472635269165 0.013818591833114624 0.01413649320602417 0.003980966750532389
0.7237661480903625 0.577285647392273 0.021368980407714844 0.019688069820404053 0.003970741759985685
0.23361054062843323 0.5063233375549316 0.030047506093978882 0.03390964865684509 0.003958184737712145
0.7257595062255859 0.48149263858795166 0.018745064735412598 0.016138166189193726 0.003930641803890467
0.4525069296360016 0.5786386728286743 0.029281437397003174 0.031681954860687256 0.0038745661731809378
0.7647718191146851 0.3352125883102417 0.018841922283172607 0.019614845514297485 0.0038363030180335045
0.3091449737548828 0.5468228459358215 0.051277339458465576 0.040344834327697754 0.0037838935386389494
0.3775327801704407 0.784125566482544 0.027180969715118408 0.024340689182281494 0.0036518932320177555
0.4593938887119293 0.24899671971797943 0.04084223508834839 0.039561718702316284 0.003615374444052577
0.45688897371292114 0.5794655084609985 0.031086355447769165 0.028771042823791504 0.0035986669827252626
0.25518798828125 0.6058162450790405 0.03048419952392578 0.01933830976486206 0.0035277523566037416
0.2750326693058014 0.3748396635055542 0.01848459243774414 0.01726362109184265 0.0034896337892860174
0.22660008072853088 0.6414918303489685 0.05010586977005005 0.045490264892578125 0.0034493952989578247
0.4303407669067383 0.27780595421791077 0.012224018573760986 0.011485695838928223 0.003424687311053276
0.6481522917747498 0.24597328901290894 0.031348228454589844 0.02609248459339142 0.00335967936553061
0.28028643131256104 0.6702187657356262 0.05586758255958557 0.04211711883544922 0.003277442418038845
0.17901746928691864 0.8395012021064758 0.0198366641998291 0.020696401596069336 0.0032507884316146374
0.22036617994308472 0.6304088830947876 0.05777110159397125 0.06585520505905151 0.0032461562659591436
0.3570403456687927 0.8205045461654663 0.04056099057197571 0.0370144248008728 0.003181450767442584
0.5215823650360107 0.32379138469696045 0.014258265495300293 0.013772666454315186 0.0031473806593567133
0.2686000466346741 0.8931106328964233 0.01526138186454773 0.01463848352432251 0.003138589905574918
0.5197405815124512 0.682855486869812 0.0167199969291687 0.016556918621063232 0.0031175401527434587
0.426005482673645 0.5055583119392395 0.03690585494041443 0.03218725323677063 0.0030757642816752195
0.4486093521118164 0.5884373188018799 0.03761082887649536 0.033473193645477295 0.003062313189730048
0.30607572197914124 0.5910065770149231 0.03865182399749756 0.03466439247131348 0.0030434622894972563
0.28901129961013794 0.6652191281318665 0.05387306213378906 0.05150628089904785 0.0029995236545801163
0.4457074999809265 0.6098483204841614 0.043723851442337036 0.03566479682922363 0.00298785581253469
0.4108506739139557 0.574805498123169 0.049213707447052 0.04303222894668579 0.0028826443012803793
0.33701735734939575 0.8916088342666626 0.03834971785545349 0.03644829988479614 0.002806337084621191
0.48274457454681396 0.9652665853500366 0.03161659836769104 0.02366560697555542 0.0027750255540013313
0.23018570244312286 0.8761307001113892 0.026945769786834717 0.031002044677734375 0.0027720527723431587
0.4072192907333374 0.5570827722549438 0.03725728392601013 0.033277690410614014 0.0027401403058320284
0.4254071116447449 0.29683467745780945 0.015821069478988647 0.014720439910888672 0.002733157016336918
0.446699857711792 0.6678829193115234 0.03241157531738281 0.034860312938690186 0.002727858256548643
0.35200828313827515 0.45176756381988525 0.030991405248641968 0.026807039976119995 0.002664320170879364
0.5464574098587036 0.6324043273925781 0.013285279273986816 0.016201138496398926 0.0026365697849541903
0.2584391236305237 0.6065971255302429 0.03120996057987213 0.029121875762939453 0.0025875545106828213
0.7369409799575806 0.3317215144634247 0.020097553730010986 0.01823139190673828 0.002580826636403799
0.3769879937171936 0.8511736392974854 0.037344545125961304 0.030059635639190674 0.002531380858272314
0.4290507435798645 0.5007740259170532 0.03456991910934448 0.028852641582489014 0.0024992881808429956
0.3499370813369751 0.5214730501174927 0.028031617403030396 0.02731245756149292 0.002452772343531251
0.2880726456642151 0.44683200120925903 0.020325511693954468 0.019784927368164062 0.002427991246804595
0.24512743949890137 0.5229033827781677 0.04200458526611328 0.03632688522338867 0.002413906157016754
0.23995542526245117 0.5158951878547668 0.03773212432861328 0.033050745725631714 0.002404754748567939
0.5165742039680481 0.6582701206207275 0.01702725887298584 0.015537440776824951 0.0023345283698290586
0.36972707509994507 0.4936966001987457 0.029219776391983032 0.028918087482452393 0.002331637078896165
0.5596373081207275 0.5263779759407043 0.021561741828918457 0.023779630661010742 0.0022998410277068615
0.38419556617736816 0.8551630973815918 0.04112213850021362 0.03282582759857178 0.002291628858074546
0.4083801507949829 0.2324391007423401 0.014363676309585571 0.012849047780036926 0.0022889410611242056
0.2542157769203186 0.541287362575531 0.02458915114402771 0.01828622817993164 0.0022644191049039364
0.5683373808860779 0.6334322690963745 0.017351150512695312 0.0170709490776062 0.0022374058607965708
0.7622035145759583 0.33668211102485657 0.017697691917419434 0.019057095050811768 0.0022318591363728046
0.7209635972976685 0.5526771545410156 0.012012839317321777 0.011171519756317139 0.002196150366216898
0.6083080768585205 0.661016583442688 0.01638239622116089 0.015463471412658691 0.0021717501804232597
0.36143606901168823 0.33182626962661743 0.022484391927719116 0.02462252974510193 0.002167973667383194
0.3951382637023926 0.9195789098739624 0.04021415114402771 0.03162497282028198 0.0021514291875064373
0.3363577425479889 0.41702502965927124 0.018960118293762207 0.019789308309555054 0.0021128724329173565
0.4233357310295105 0.26039162278175354 0.014259904623031616 0.014791607856750488 0.0021045031026005745
0.2679077684879303 0.3969402313232422 0.022688210010528564 0.022894948720932007 0.0020499376114457846
0.43615642189979553 0.5960119366645813 0.051683902740478516 0.042638182640075684 0.0020483266562223434
0.518484890460968 0.5802890062332153 0.014867186546325684 0.014135956764221191 0.0020481650717556477
0.23987743258476257 0.4750489294528961 0.022331520915031433 0.023165583610534668 0.00202844082377851
0.4198053479194641 0.5073813199996948 0.03871116042137146 0.032262980937957764 0.0019936005119234324
0.4242013096809387 0.2964060604572296 0.015088081359863281 0.015048980712890625 0.0019874279387295246
0.36651259660720825 0.5043817758560181 0.04994535446166992 0.04800298810005188 0.0019794690888375044
0.4063938856124878 0.23246321082115173 0.0199185311794281 0.017336472868919373 0.0019264118745923042
0.3733830451965332 0.49590474367141724 0.03787398338317871 0.02893829345703125 0.0019260105909779668
0.39300990104675293 0.5023831725120544 0.01686754822731018 0.019673317670822144 0.0019196869106963277
0.2274504154920578 0.8788196444511414 0.034455299377441406 0.03560829162597656 0.0018697130726650357
0.4437948763370514 0.6533530950546265 0.045062363147735596 0.031517088413238525 0.0018584277713671327
0.8721774220466614 0.004377171862870455 0.020319581031799316 0.008724634535610676 0.0018130592070519924
0.2892354130744934 0.4470558166503906 0.02431964874267578 0.024815380573272705 0.0017888849833980203
0.3274966776371002 0.8521673679351807 0.022560298442840576 0.02190631628036499 0.0017886824207380414
0.21473929286003113 0.6370695233345032 0.05662001669406891 0.05658149719238281 0.0017580755520612001
0.38625431060791016 0.8600606918334961 0.03204640746116638 0.027495980262756348 0.00173136405646801
0.29215335845947266 0.4909363389015198 0.03568968176841736 0.02608311176300049 0.0017190760700032115
0.45200127363204956 0.5211337804794312 0.019843310117721558 0.022416114807128906 0.001704953727312386
0.37942376732826233 0.8133300542831421 0.036920905113220215 0.02961653470993042 0.0017008923459798098
0.20596829056739807 0.6300163269042969 0.04577368497848511 0.046263694763183594 0.001687955460511148
0.2527245879173279 0.5469307899475098 0.032948777079582214 0.02420741319656372 0.0016699200496077538
0.36591216921806335 0.3422769606113434 0.02220630645751953 0.025905609130859375 0.0016579601215198636
0.4428509771823883 0.6172757148742676 0.04623204469680786 0.03828352689743042 0.0016158344224095345
0.3529100716114044 0.5188528299331665 0.034594595432281494 0.03360944986343384 0.0016052999999374151
0.3077728748321533 0.5668026208877563 0.04419794678688049 0.044062018394470215 0.001600870629772544
0.5101011395454407 0.627149224281311 0.049573540687561035 0.047409653663635254 0.0015911577502265573
0.6198850870132446 0.48256006836891174 0.012391865253448486 0.011730968952178955 0.0015885948669165373
0.5462355613708496 0.6510542035102844 0.01646900177001953 0.01757347583770752 0.0015841623535379767
0.4154280722141266 0.5851948261260986 0.03979814052581787 0.035063207149505615 0.0015757069922983646
0.226316437125206 0.6486072540283203 0.04064464569091797 0.036750614643096924 0.0015507666394114494
0.3727795481681824 0.5562325716018677 0.030942916870117188 0.029897987842559814 0.0015420450363308191
0.3782166838645935 0.8148422241210938 0.03387293219566345 0.030625581741333008 0.0015095968265086412
0.284595251083374 0.37008458375930786 0.022807598114013672 0.0208645761013031 0.001501197344623506
0.25500720739364624 0.5813322067260742 0.050581738352775574 0.05864059925079346 0.001501187914982438
0.276539146900177 0.6095903515815735 0.025931835174560547 0.023023605346679688 0.0014917737571522593
0.35246866941452026 0.4472891092300415 0.02979859709739685 0.02687874436378479 0.001480801380239427
0.2688581943511963 0.8926820755004883 0.019075781106948853 0.01840001344680786 0.0014697465812787414
0.619641125202179 0.33182477951049805 0.03205227851867676 0.029851049184799194 0.0014586617471650243
0.43318721652030945 0.18011824786663055 0.01953125 0.017911195755004883 0.0014471219619736075
0.33681926131248474 0.3466527462005615 0.020728588104248047 0.021751493215560913 0.0014121123822405934
0.33436036109924316 0.8768206834793091 0.03917083144187927 0.03423881530761719 0.0013946586987003684
0.28695058822631836 0.854966938495636 0.04605093598365784 0.046309471130371094 0.0013780909357592463
0.3681910037994385 0.5672817230224609 0.03668481111526489 0.03919869661331177 0.001364019582979381
0.45496630668640137 0.5743788480758667 0.03401583433151245 0.03114086389541626 0.0013491238933056593
0.2614620625972748 0.6104460954666138 0.04955492913722992 0.032874882221221924 0.0013397441944107413
0.3662840723991394 0.32166019082069397 0.01781514286994934 0.020143568515777588 0.0013355750124901533
0.4496779441833496 0.582770824432373 0.039323627948760986 0.03241264820098877 0.0013172111939638853
0.3032945394515991 0.5603979229927063 0.04054775834083557 0.044409751892089844 0.0013100596843287349
0.5145264863967896 0.6593813896179199 0.024156928062438965 0.019304096698760986 0.0012885542819276452
0.3868313133716583 0.3690718710422516 0.0157163143157959 0.013846993446350098 0.0012877678964287043
0.4144808351993561 0.5813372731208801 0.040117859840393066 0.041715264320373535 0.0012499319855123758
0.3804573714733124 0.7855454683303833 0.03197884559631348 0.028988242149353027 0.0012484673643484712
0.15873362123966217 0.5308025479316711 0.02382636070251465 0.021918296813964844 0.0012327829608693719
0.3568423390388489 0.3554961681365967 0.026895523071289062 0.020503610372543335 0.0012096191057935357
0.3729991018772125 0.333551287651062 0.025355517864227295 0.02427324652671814 0.0011885829735547304
0.35332196950912476 0.6680000424385071 0.04872533679008484 0.034706711769104004 0.001174810458905995
0.38678833842277527 0.5005860924720764 0.02774190902709961 0.027363210916519165 0.001165693742223084
0.521194338798523 0.32509374618530273 0.015432894229888916 0.014947891235351562 0.0011311289854347706
0.5041465759277344 0.23926618695259094 0.0348358154296875 0.03166504204273224 0.0011264521162956953
0.5271814465522766 0.6277948617935181 0.038934946060180664 0.03460007905960083 0.0010699097765609622
0.4244633913040161 0.49478262662887573 0.02982732653617859 0.03067454695701599 0.0010624409187585115
0.6261464357376099 0.7293329238891602 0.016682207584381104 0.01561826467514038 0.0010581384412944317
0.2293127179145813 0.36446183919906616 0.01108713448047638 0.011417955160140991 0.001053713378496468
0.5031576752662659 0.6204396486282349 0.0428566038608551 0.035453736782073975 0.001032869447953999
0.7009211778640747 0.12416692078113556 0.015458464622497559 0.014616966247558594 0.0010251689236611128
0.29622775316238403 0.8558323383331299 0.04514455795288086 0.038165271282196045 0.0010195620125159621
0.31931400299072266 0.6323249936103821 0.02067399024963379 0.021528959274291992 0.0010058829793706536
0.3878649175167084 0.36959338188171387 0.015375137329101562 0.01370665431022644 0.001003585639409721
0.43075621128082275 0.1806415617465973 0.023519128561019897 0.02099260687828064 0.000989074120298028
0.28828755021095276 0.8137526512145996 0.021439552307128906 0.018644511699676514 0.0009850477799773216
0.4054393470287323 0.29239821434020996 0.02023458480834961 0.018386095762252808 0.0009812728967517614
0.44708362221717834 0.7699133157730103 0.01781618595123291 0.017026543617248535 0.0009686646517366171
0.3182064890861511 0.3587040305137634 0.013308137655258179 0.012258142232894897 0.0009679297800175846
0.440148264169693 0.35392504930496216 0.012814164161682129 0.012745678424835205 0.0009648058912716806
0.5573453903198242 0.9961712956428528 0.01928311586380005 0.007657408714294434 0.0009612953290343285
0.3898836672306061 0.4153275489807129 0.015109121799468994 0.013608157634735107 0.0009582667262293398
0.3497939109802246 0.6664919257164001 0.05527201294898987 0.04463529586791992 0.000954831310082227
0.2961021959781647 0.5973485112190247 0.051898956298828125 0.04276883602142334 0.0009517709258943796
0.3532785177230835 0.44124409556388855 0.027936846017837524 0.0247344970703125 0.0009464509785175323
0.36676445603370667 0.4946131706237793 0.03348463773727417 0.0322096049785614 0.00094511330826208
0.15629561245441437 0.5292047262191772 0.023666322231292725 0.024420559406280518 0.0009387106401845813
0.34517836570739746 0.3484725058078766 0.038164615631103516 0.030022025108337402 0.0009384656441397965
0.42802155017852783 0.2727837562561035 0.017321020364761353 0.01737135648727417 0.0009373824577778578
0.14740104973316193 0.9870317578315735 0.035637229681015015 0.024152517318725586 0.0009362716809846461
0.39291298389434814 0.5619258284568787 0.05107089877128601 0.040454864501953125 0.0009332293411716819
0.17818841338157654 0.8374885320663452 0.02336101233959198 0.025496304035186768 0.0009234788594767451
0.4521051049232483 0.5232596397399902 0.023265749216079712 0.023883163928985596 0.0009089321247301996
0.290764719247818 0.48817309737205505 0.036033451557159424 0.030352771282196045 0.0009071705862879753
0.35254302620887756 0.669696569442749 0.04119765758514404 0.02744811773300171 0.0009056971757672727
