x y width height conf
0.4858105778694153 0.35102230310440063 0.02626436948776245 0.023874372243881226 0.5095248222351074
0.577839732170105 0.30408143997192383 0.035063207149505615 0.031047523021697998 0.4891836941242218
0.8771470189094543 0.7063044309616089 0.01919233798980713 0.020048558712005615 0.4800785183906555
0.7652568221092224 0.5698598623275757 0.02164745330810547 0.020472705364227295 0.4606807827949524
0.7870185375213623 0.38358527421951294 0.022864162921905518 0.022675037384033203 0.44917014241218567
0.779692530632019 0.8011589050292969 0.02049809694290161 0.02071303129196167 0.44618338346481323
0.4631651043891907 0.2606978118419647 0.03020372986793518 0.02806808054447174 0.4425852298736572
0.4641387462615967 0.6229656338691711 0.02321261167526245 0.020536422729492188 0.434124618768692
0.47339916229248047 0.31535446643829346 0.024939358234405518 0.02108517289161682 0.4057963788509369
0.9275005459785461 0.7129141092300415 0.02014768123626709 0.025266051292419434 0.40198004245758057
0.7427407503128052 0.9660348892211914 0.028137505054473877 0.02682286500930786 0.4016616940498352
0.4039515554904938 0.6070420742034912 0.021210551261901855 0.020754635334014893 0.40118277072906494
0.6568808555603027 0.7489116787910461 0.02609807252883911 0.02485048770904541 0.39814797043800354
0.7574158906936646 0.8095396161079407 0.02216893434524536 0.021036744117736816 0.37988775968551636
0.3697824478149414 0.2659129798412323 0.01647999882698059 0.016103744506835938 0.37248000502586365
0.655387282371521 0.8708302974700928 0.023395121097564697 0.0224493145942688 0.3649872839450836
0.5746580362319946 0.44566184282302856 0.01787203550338745 0.016645997762680054 0.36247098445892334
0.6720187664031982 0.8978980779647827 0.0258825421333313 0.022822797298431396 0.3570020794868469
0.6878448128700256 0.8630818128585815 0.023726344108581543 0.02467113733291626 0.3495943248271942
0.40352046489715576 0.6074022650718689 0.026770681142807007 0.024354934692382812 0.31849706172943115
0.3523023724555969 0.30676719546318054 0.015575915575027466 0.014407634735107422 0.31200936436653137
0.420415997505188 0.41100549697875977 0.020779818296432495 0.020692825317382812 0.3108416497707367
0.840025782585144 0.7900667786598206 0.015447080135345459 0.014619946479797363 0.3037438988685608
0.8608598709106445 0.7277849316596985 0.021063625812530518 0.02129077911376953 0.30230599641799927
0.37329867482185364 0.2353971004486084 0.03069174289703369 0.027134418487548828 0.3006391227245331
0.41059523820877075 0.30251216888427734 0.022350847721099854 0.01998615264892578 0.2974141240119934
0.7398591041564941 0.4079781174659729 0.025960862636566162 0.026795297861099243 0.2867197096347809
0.825141191482544 0.6112502217292786 0.025397837162017822 0.02278578281402588 0.28490832448005676
0.7450053691864014 0.8337005376815796 0.02592545747756958 0.022921979427337646 0.28009554743766785
0.47149908542633057 0.3150864243507385 0.02989920973777771 0.02533191442489624 0.27750033140182495
0.6512506604194641 0.987457275390625 0.022675514221191406 0.020194649696350098 0.2752453684806824
0.5597242116928101 0.8553899526596069 0.03020411729812622 0.025940358638763428 0.27072641253471375
0.6920139789581299 0.35145869851112366 0.020903408527374268 0.01930868625640869 0.26323607563972473
0.8769081234931946 0.7063009738922119 0.026505231857299805 0.027170002460479736 0.25100967288017273
0.5814671516418457 0.7130131721496582 0.026114284992218018 0.02595388889312744 0.25051185488700867
0.37581565976142883 0.2377447634935379 0.025487959384918213 0.022924989461898804 0.24916353821754456
0.7188147306442261 0.851635754108429 0.026358067989349365 0.026517868041992188 0.24200455844402313
0.7962300777435303 0.6718827486038208 0.021420300006866455 0.020494818687438965 0.22408512234687805
0.6320651173591614 0.8848966360092163 0.02169644832611084 0.02140122652053833 0.2225196659564972
0.6943750381469727 0.931341290473938 0.022082924842834473 0.019637465476989746 0.2223978340625763
0.6347100138664246 0.8394967317581177 0.02579784393310547 0.025118649005889893 0.21147547662258148
0.7996652722358704 0.7692862749099731 0.027960538864135742 0.02690523862838745 0.2111140787601471
0.5778345465660095 0.30439987778663635 0.03346443176269531 0.028318285942077637 0.21094831824302673
0.6250423192977905 0.9901924133300781 0.02815026044845581 0.019615232944488525 0.2108510583639145
0.6049944162368774 0.8546123504638672 0.028046786785125732 0.03302419185638428 0.20754367113113403
0.3602011501789093 0.23157210648059845 0.0238875150680542 0.02460336685180664 0.20648381114006042
0.584309458732605 0.9850836992263794 0.030833661556243896 0.02680647373199463 0.20362810790538788
0.9273436665534973 0.7124720811843872 0.02552962303161621 0.031341552734375 0.20064876973628998
0.601662278175354 0.8606500625610352 0.025081515312194824 0.025408148765563965 0.19500693678855896
0.877666711807251 0.7464292645454407 0.01615065336227417 0.014679670333862305 0.1919407695531845
0.6217594146728516 0.742347240447998 0.026021182537078857 0.02494901418685913 0.19144900143146515
0.7654088735580444 0.5708200931549072 0.025848984718322754 0.025494158267974854 0.18777719140052795
0.46671581268310547 0.31068354845046997 0.03260105848312378 0.027391105890274048 0.1847802996635437
0.4593932032585144 0.2551289200782776 0.036310940980911255 0.03285111486911774 0.18230721354484558
0.5790872573852539 0.9861974716186523 0.03962069749832153 0.027051925659179688 0.1789383739233017
0.6088285446166992 0.8489372730255127 0.026942312717437744 0.028333842754364014 0.1758645921945572
0.41109004616737366 0.3021162152290344 0.027353405952453613 0.023426353931427002 0.17098365724086761
0.8179460763931274 0.7913069128990173 0.019268393516540527 0.019193649291992188 0.1708139330148697
0.351973295211792 0.306793212890625 0.020510762929916382 0.018371880054473877 0.16632190346717834
0.4556671977043152 0.20047302544116974 0.0228407084941864 0.022439301013946533 0.15017426013946533
0.2844834327697754 0.7309634685516357 0.019062846899032593 0.018903911113739014 0.1490427851676941
0.8001222610473633 0.7663708925247192 0.0365222692489624 0.03580665588378906 0.14355476200580597
0.7946367859840393 0.7808198928833008 0.02484583854675293 0.02056807279586792 0.13933883607387543
0.7797737121582031 0.805143415927887 0.024038732051849365 0.02534174919128418 0.13711336255073547
0.7435914278030396 0.9676903486251831 0.03566950559616089 0.03275352716445923 0.1355302482843399
0.8118058443069458 0.7814757823944092 0.02972966432571411 0.03716915845870972 0.13364671170711517
0.8400017023086548 0.7905936241149902 0.021030426025390625 0.01980990171432495 0.13293279707431793
0.31568005681037903 0.6475015878677368 0.014286339282989502 0.013966739177703857 0.13239412009716034
0.46409860253334045 0.6233837604522705 0.029339611530303955 0.026388704776763916 0.13028839230537415
0.6215565800666809 0.7435168027877808 0.027280569076538086 0.026334762573242188 0.12821434438228607
0.338893324136734 0.40494340658187866 0.02213156223297119 0.02046164870262146 0.12437602877616882
0.7962549328804016 0.6724722981452942 0.026749372482299805 0.025162458419799805 0.12434082478284836
0.8011025190353394 0.7743573188781738 0.03580361604690552 0.03664141893386841 0.12413531541824341
0.3657356798648834 0.23278146982192993 0.03379034996032715 0.027145490050315857 0.1187734305858612
0.575137734413147 0.4464073181152344 0.023764967918395996 0.023657023906707764 0.11863695085048676
0.6558717489242554 0.750048816204071 0.03223496675491333 0.02895069122314453 0.11650549620389938
0.8796606063842773 0.7790648937225342 0.0235137939453125 0.025596439838409424 0.11641006171703339
0.2732350826263428 0.5143916606903076 0.012649953365325928 0.012832164764404297 0.11518628150224686
0.5809421539306641 0.7129201889038086 0.0314251184463501 0.028551101684570312 0.11276639252901077
0.6916031837463379 0.3516358733177185 0.027062296867370605 0.02447405457496643 0.11157314479351044
0.7260853052139282 0.7879775762557983 0.02582108974456787 0.02319568395614624 0.11032166332006454
0.7774243354797363 0.8022463917732239 0.025456368923187256 0.025115966796875 0.10961513966321945
0.8652462959289551 0.721648097038269 0.02674025297164917 0.03439891338348389 0.10330607742071152
0.7425951957702637 0.8385335803031921 0.03158301115036011 0.032680511474609375 0.10307175666093826
0.5086127519607544 0.20760032534599304 0.022706061601638794 0.01861037313938141 0.10082721710205078
0.7958781719207764 0.7793632745742798 0.02916485071182251 0.03501319885253906 0.09621158242225647
0.6220719814300537 0.7446578741073608 0.031877100467681885 0.029618442058563232 0.09194587916135788
0.8718225955963135 0.7183504104614258 0.03610306978225708 0.03832894563674927 0.08993281424045563
0.8177650570869446 0.7893274426460266 0.024654388427734375 0.028333067893981934 0.08561404794454575
0.7861497402191162 0.3825880289077759 0.02889961004257202 0.030923455953598022 0.08403642475605011
0.5119242668151855 0.6810495853424072 0.020772576332092285 0.019920527935028076 0.08371490240097046
0.6953928470611572 0.9315509796142578 0.028374135494232178 0.023759663105010986 0.0835309699177742
0.6052051782608032 0.8908298015594482 0.02132517099380493 0.019465982913970947 0.08046814799308777
0.7203208208084106 0.8513157367706299 0.03171759843826294 0.03200298547744751 0.07897612452507019
0.3704356253147125 0.5976860523223877 0.01493692398071289 0.015074193477630615 0.07783857733011246
0.7391042709350586 0.5256475210189819 0.018838882446289062 0.017013967037200928 0.07352471351623535
0.5725477337837219 0.9883958101272583 0.03397178649902344 0.023208439350128174 0.07258481532335281
0.520775556564331 0.615085780620575 0.01920551061630249 0.018363475799560547 0.07244373857975006
0.7596710324287415 0.8072454929351807 0.023928284645080566 0.023385465145111084 0.07085137814283371
0.8170202374458313 0.8899915814399719 0.012537598609924316 0.012239456176757812 0.07013507932424545
0.45547181367874146 0.31647175550460815 0.027960211038589478 0.021684259176254272 0.06743606925010681
0.5440874099731445 0.653121292591095 0.01881200075149536 0.01767134666442871 0.06668827682733536
0.4050714373588562 0.6074512004852295 0.033584803342819214 0.029259324073791504 0.06472726166248322
0.5092066526412964 0.20830145478248596 0.028469860553741455 0.022767528891563416 0.06357308477163315
0.3694457411766052 0.26626962423324585 0.02321985363960266 0.022102266550064087 0.062415868043899536
0.726312518119812 0.7877063751220703 0.030857861042022705 0.02777653932571411 0.06001438573002815
0.31564170122146606 0.6479254961013794 0.018514543771743774 0.019655168056488037 0.058124084025621414
0.8280839920043945 0.5773721933364868 0.015299975872039795 0.013884246349334717 0.05752822384238243
0.8042865991592407 0.7743650674819946 0.03893166780471802 0.04460698366165161 0.055769480764865875
0.3388794958591461 0.4043996334075928 0.02748328447341919 0.027086347341537476 0.05430542677640915
0.6149471998214722 0.8427908420562744 0.033757805824279785 0.029310643672943115 0.05281270667910576
0.5855406522750854 0.7896538972854614 0.016642391681671143 0.01631385087966919 0.05272297188639641
0.6361217498779297 0.8781496286392212 0.023292720317840576 0.025302529335021973 0.052618950605392456
0.8770260810852051 0.7469123005867004 0.020503997802734375 0.01772904396057129 0.0519891083240509
0.7503998279571533 0.6029752492904663 0.022551357746124268 0.01954096555709839 0.0509018711745739
0.454733669757843 0.25293388962745667 0.03213995695114136 0.029273226857185364 0.05035926401615143
0.7823151350021362 0.8151840567588806 0.0186273455619812 0.01745128631591797 0.04947572201490402
0.4567372798919678 0.20099706947803497 0.029697716236114502 0.026316940784454346 0.049419112503528595
0.8220845460891724 0.6098210215568542 0.03860282897949219 0.031463623046875 0.048777490854263306
0.752061665058136 0.6072146892547607 0.030109763145446777 0.028310954570770264 0.04743020236492157
0.37427082657814026 0.300265908241272 0.01768815517425537 0.01836147904396057 0.04497412219643593
0.5213344693183899 0.6151882410049438 0.02419877052307129 0.02209550142288208 0.04439181089401245
0.6269392967224121 0.8009930849075317 0.021749675273895264 0.019774794578552246 0.04406110569834709
0.6845213174819946 0.7273828983306885 0.021251976490020752 0.018753230571746826 0.044026315212249756
0.5660436749458313 0.6234866380691528 0.01610267162322998 0.015789806842803955 0.04327157884836197
0.792887806892395 0.7759661674499512 0.030311226844787598 0.03117269277572632 0.04205004498362541
0.7971258163452148 0.7667697072029114 0.04344099760055542 0.04395747184753418 0.04061345010995865
0.7813774943351746 0.8010566830635071 0.028087615966796875 0.026627779006958008 0.039225149899721146
0.44904738664627075 0.3172600269317627 0.019078165292739868 0.01914927363395691 0.03819873183965683
0.5437437295913696 0.653034508228302 0.02398359775543213 0.02289712429046631 0.03703669086098671
0.5858249664306641 0.7898746728897095 0.021262168884277344 0.019790828227996826 0.03657609596848488
0.3700358271598816 0.5981401205062866 0.019445687532424927 0.020500600337982178 0.03635614365339279
0.7225387096405029 0.6553711891174316 0.024221956729888916 0.019797921180725098 0.035004183650016785
0.7957088947296143 0.6723498106002808 0.034890592098236084 0.02931743860244751 0.034862544387578964
0.7400702238082886 0.3310849368572235 0.022127270698547363 0.02063465118408203 0.03461647778749466
0.4184444546699524 0.41055232286453247 0.027909576892852783 0.02426508069038391 0.03440386801958084
0.34112560749053955 0.7339694499969482 0.014533907175064087 0.014015495777130127 0.03321098908782005
0.6097666621208191 0.843528151512146 0.02725982666015625 0.029633700847625732 0.0330609567463398
0.630557656288147 0.8861950039863586 0.027475059032440186 0.02495896816253662 0.03270578011870384
0.588942289352417 0.9400490522384644 0.02243441343307495 0.020089566707611084 0.031562138348817825
0.6538342237472534 0.984879732131958 0.03533130884170532 0.02704674005508423 0.0313015915453434
0.71880042552948 0.7863149642944336 0.044747769832611084 0.031995952129364014 0.03111383318901062
0.5785841941833496 0.5942016839981079 0.017063140869140625 0.01607227325439453 0.031081892549991608
0.7403920888900757 0.33092179894447327 0.017365992069244385 0.016638875007629395 0.030567845329642296
0.3521837294101715 0.3050456643104553 0.025057435035705566 0.025509387254714966 0.029109131544828415
0.5664368867874146 0.6240248680114746 0.019948363304138184 0.01897948980331421 0.028402986004948616
0.46409040689468384 0.30218109488487244 0.029446512460708618 0.02431488037109375 0.028396079316735268
0.880078911781311 0.7441251277923584 0.021344363689422607 0.02236652374267578 0.028138509020209312
0.26443514227867126 0.6636725664138794 0.011911392211914062 0.01115196943283081 0.027906471863389015
0.48380178213119507 0.3506632447242737 0.03356650471687317 0.02682933211326599 0.027862295508384705
0.6692434549331665 0.8987833261489868 0.03145641088485718 0.026188671588897705 0.02612612023949623
0.6529217958450317 0.9672788381576538 0.022838115692138672 0.017391741275787354 0.025838028639554977
0.827661395072937 0.5772932171821594 0.02171534299850464 0.01830744743347168 0.025838002562522888
0.28434497117996216 0.7323383092880249 0.026394188404083252 0.02588444948196411 0.02569339983165264
0.3784210681915283 0.5194066166877747 0.024539947509765625 0.02410733699798584 0.025264421477913857
0.7593532800674438 0.8062708973884583 0.030223488807678223 0.029943108558654785 0.02515305019915104
0.7600263357162476 0.6271487474441528 0.021200597286224365 0.017962098121643066 0.02502240240573883
0.7594358921051025 0.6226056814193726 0.02970898151397705 0.028927624225616455 0.02501589059829712
0.6520160436630249 0.9709950685501099 0.026694834232330322 0.02423650026321411 0.024468420073390007
0.4085049033164978 0.30243197083473206 0.03459450602531433 0.026862800121307373 0.024457836523652077
0.2736138701438904 0.514353334903717 0.01735815405845642 0.01628422737121582 0.024212805554270744
0.7329147458076477 0.40901821851730347 0.03489375114440918 0.026580065488815308 0.022403497248888016
0.5778304934501648 0.594424843788147 0.02360391616821289 0.021212756633758545 0.022143375128507614
0.6043633818626404 0.8894567489624023 0.025115013122558594 0.02466297149658203 0.021892841905355453
0.5132578611373901 0.6827409267425537 0.0269201397895813 0.02671867609024048 0.021625591441988945
0.5751748085021973 0.3039354681968689 0.04485803842544556 0.03555360436439514 0.021550334990024567
0.8625204563140869 0.7294551134109497 0.03528386354446411 0.0339740514755249 0.021425921469926834
0.723837673664093 0.6563493013381958 0.030237793922424316 0.02353954315185547 0.02105821669101715
0.9855497479438782 0.7314595580101013 0.01370549201965332 0.01500701904296875 0.02070719562470913
0.8418922424316406 0.5336366891860962 0.018070578575134277 0.017240703105926514 0.02060091495513916
0.8584833145141602 0.7277606129646301 0.033495306968688965 0.02978837490081787 0.02024402841925621
0.4457404613494873 0.7040174603462219 0.027888208627700806 0.02710413932800293 0.019847724586725235
0.7484360933303833 0.8330847024917603 0.03315621614456177 0.027884304523468018 0.01983904279768467
0.601861834526062 0.859671950340271 0.03360021114349365 0.03428131341934204 0.019200295209884644
0.6923267841339111 0.35059186816215515 0.03316980600357056 0.028815269470214844 0.017550569027662277
0.5063331723213196 0.21056321263313293 0.032287031412124634 0.026194244623184204 0.017283646389842033
0.6723461747169495 0.8997975587844849 0.03134465217590332 0.029235661029815674 0.017021875828504562
0.5183900594711304 0.6155809760093689 0.029762446880340576 0.02568960189819336 0.016332028433680534
0.6674307584762573 0.9331735372543335 0.023022234439849854 0.021409809589385986 0.016238361597061157
0.7993720769882202 0.7581315040588379 0.04485940933227539 0.04192429780960083 0.016030600294470787
0.37889614701271057 0.518908679485321 0.020484626293182373 0.019985675811767578 0.015749981626868248
0.6823703050613403 0.7276879549026489 0.02953249216079712 0.025980770587921143 0.015717312693595886
0.5027443170547485 0.24492064118385315 0.019149810075759888 0.01576317846775055 0.01570403389632702
0.743293285369873 0.8322162628173828 0.03470820188522339 0.030410945415496826 0.015081699006259441
0.753983199596405 0.609050989151001 0.037078857421875 0.03423577547073364 0.015004209242761135
0.7675672769546509 0.5689235925674438 0.03434866666793823 0.03202015161514282 0.01486576534807682
0.5829691886901855 0.9835240840911865 0.03564131259918213 0.03295189142227173 0.013928794302046299
0.5809450149536133 0.7136579155921936 0.04229629039764404 0.03829491138458252 0.013655615039169788
0.9559662938117981 0.63382887840271 0.01573348045349121 0.020343363285064697 0.013545534573495388
0.5769854784011841 0.30076202750205994 0.041948914527893066 0.03242301940917969 0.013533294200897217
0.8170639276504517 0.889495849609375 0.018588662147521973 0.018886923789978027 0.013312903232872486
0.3773862421512604 0.23739123344421387 0.03638899326324463 0.030381247401237488 0.013239063322544098
0.5870106220245361 0.6590031385421753 0.020202159881591797 0.0187109112739563 0.01323324628174305
0.37757790088653564 0.2372910976409912 0.0358450710773468 0.028265178203582764 0.013181597925722599
0.6546420454978943 0.9660589694976807 0.02596902847290039 0.023487508296966553 0.013103852048516273
0.5838736295700073 0.13980621099472046 0.01785951852798462 0.019421681761741638 0.012617223896086216
0.7838596105575562 0.38230305910110474 0.03853428363800049 0.03465965390205383 0.012483055703341961
0.3659649193286896 0.46231377124786377 0.019884169101715088 0.020131856203079224 0.012383224442601204
0.6326718330383301 0.7146186232566833 0.03015613555908203 0.025542736053466797 0.01234766747802496
0.9623012542724609 0.9360649585723877 0.01517564058303833 0.015763700008392334 0.011927456595003605
0.2753024697303772 0.6315324306488037 0.018015623092651367 0.01775127649307251 0.011754943057894707
0.9264090061187744 0.7106226682662964 0.030744969844818115 0.03774607181549072 0.01154690608382225
0.7263711094856262 0.7838667631149292 0.038843750953674316 0.03551238775253296 0.011531932279467583
0.7771036624908447 0.6442584991455078 0.01683253049850464 0.016066253185272217 0.011427153833210468
0.7831254601478577 0.8061815500259399 0.028238654136657715 0.034479498863220215 0.01135083008557558
0.7845298647880554 0.7929761409759521 0.029829025268554688 0.03330433368682861 0.011098570190370083
0.8703224658966064 0.7240707874298096 0.03675800561904907 0.033582329750061035 0.010939025320112705
0.8805935382843018 0.780014157295227 0.02793353796005249 0.03307926654815674 0.01064289640635252
0.3402228355407715 0.7334082722663879 0.02065238356590271 0.01778101921081543 0.010495408438146114
0.5040032267570496 0.21464696526527405 0.03342816233634949 0.027944952249526978 0.010456294752657413
0.8798213005065918 0.7725027203559875 0.029074490070343018 0.03410780429840088 0.010297326371073723
0.6270890235900879 0.24267229437828064 0.01950359344482422 0.016823098063468933 0.010259238071739674
0.33407437801361084 0.2695024013519287 0.017188698053359985 0.014900058507919312 0.01021403819322586
0.5874860882759094 0.33151358366012573 0.019084692001342773 0.017148226499557495 0.01016075350344181
0.6587023735046387 0.8671048879623413 0.027500629425048828 0.02890533208847046 0.010145943611860275
0.5435152053833008 0.6168347597122192 0.01720350980758667 0.018487155437469482 0.010020999237895012
0.5783722996711731 0.598206102848053 0.02657449245452881 0.02778446674346924 0.009986369870603085
0.62904292345047 0.25909531116485596 0.02333235740661621 0.01961269974708557 0.009681131690740585
0.4023818373680115 0.6825888156890869 0.013730913400650024 0.01352161169052124 0.009574946947395802
0.3719261884689331 0.26408255100250244 0.030271142721176147 0.022581785917282104 0.0094795236364007
0.6771537065505981 0.7344366312026978 0.031241774559020996 0.02749192714691162 0.009471718221902847
0.5016844272613525 0.24574047327041626 0.024331897497177124 0.020565226674079895 0.009337566792964935
0.4557192921638489 0.24827289581298828 0.02978658676147461 0.027235031127929688 0.009265762753784657
0.5566627979278564 0.8575934171676636 0.03674238920211792 0.03171020746231079 0.009186920709908009
0.4611310064792633 0.6238622665405273 0.03925502300262451 0.029223263263702393 0.009130665101110935
0.27770060300827026 0.6327232122421265 0.02492433786392212 0.021850407123565674 0.008996610529720783
0.5661002397537231 0.6232800483703613 0.0248529314994812 0.021852493286132812 0.008835353888571262
0.8778309226036072 0.7474281787872314 0.0255889892578125 0.020903170108795166 0.008610250428318977
0.4861599802970886 0.35425418615341187 0.03174266219139099 0.03264626860618591 0.00848067831248045
0.8267629742622375 0.6117258071899414 0.03793644905090332 0.029172301292419434 0.008415508083999157
0.6548279523849487 0.973375678062439 0.0348854660987854 0.03480106592178345 0.008274082094430923
0.6893146634101868 0.8578437566757202 0.03200125694274902 0.03558081388473511 0.008189273066818714
0.5803873538970947 0.7148266434669495 0.036315739154815674 0.03796851634979248 0.0074727293103933334
0.6286972165107727 0.8415062427520752 0.036127448081970215 0.03496438264846802 0.007415231317281723
0.8445189595222473 0.42263263463974 0.016027450561523438 0.016023367643356323 0.007365480065345764
0.792178750038147 0.6679338216781616 0.03893834352493286 0.034822285175323486 0.007354085799306631
0.42575445771217346 0.4116896688938141 0.0306396484375 0.02516615390777588 0.007332625333219767
0.6666420102119446 0.9332691431045532 0.026801705360412598 0.026579678058624268 0.007222263142466545
0.36976951360702515 0.23395147919654846 0.04103747010231018 0.03459848463535309 0.006993767339736223
0.356647789478302 0.2311667799949646 0.029521644115447998 0.02699322998523712 0.006454710382968187
0.5095736980438232 0.20639076828956604 0.035369813442230225 0.02852286398410797 0.006427442189306021
0.7769169807434082 0.6442549824714661 0.021374046802520752 0.018157243728637695 0.00640580290928483
0.8415908813476562 0.5339747667312622 0.021615982055664062 0.0235137939453125 0.006403105333447456
0.3969419002532959 0.8664817810058594 0.02941957116127014 0.02592623233795166 0.0063074748031795025
0.8381497859954834 0.7920334339141846 0.026505887508392334 0.03033202886581421 0.006251802202314138
0.7404906153678894 0.96590256690979 0.04931306838989258 0.037507832050323486 0.006247988436371088
0.5669615268707275 0.3467191755771637 0.023580729961395264 0.01801121234893799 0.0062292516231536865
0.57466721534729 0.4443828761577606 0.02833956480026245 0.028412818908691406 0.006179982330650091
0.7381447553634644 0.5259893536567688 0.02608734369277954 0.026235103607177734 0.006072967313230038
0.6279869675636292 0.8020131587982178 0.03014993667602539 0.02678149938583374 0.006043992470949888
0.9282249212265015 0.7775023579597473 0.011652767658233643 0.01480412483215332 0.005845525301992893
0.7179484367370605 0.6566524505615234 0.034264564514160156 0.02576887607574463 0.0057775587774813175
0.6211507320404053 0.9888367652893066 0.03796321153640747 0.021404266357421875 0.005753668490797281
0.5010231137275696 0.2235029637813568 0.035474419593811035 0.03107224404811859 0.005727633833885193
0.5780733823776245 0.8575588464736938 0.024476170539855957 0.028393924236297607 0.005717348773032427
0.5574992895126343 0.8512305021286011 0.03703802824020386 0.03352278470993042 0.005664681550115347
0.7625253796577454 0.7064838409423828 0.022454023361206055 0.01886385679244995 0.005626733880490065
0.8185510635375977 0.7904086112976074 0.030668258666992188 0.03652667999267578 0.005590471439063549
0.7304466366767883 0.8432247042655945 0.05026841163635254 0.03894996643066406 0.005493745673447847
0.7565337419509888 0.5000383257865906 0.016438305377960205 0.01561400294303894 0.005481774918735027
0.4050983786582947 0.7334470152854919 0.017299562692642212 0.01581573486328125 0.005479658488184214
0.8279622197151184 0.40892744064331055 0.014898896217346191 0.014513969421386719 0.005470890551805496
0.837645411491394 0.5316175222396851 0.022892534732818604 0.02029341459274292 0.005433502607047558
0.4486941695213318 0.25283488631248474 0.04096689820289612 0.033973678946495056 0.005404056515544653
0.7402771711349487 0.3326747417449951 0.02627032995223999 0.026228606700897217 0.005393045023083687
0.7257758378982544 0.6639041304588318 0.0395854115486145 0.038268089294433594 0.005331742111593485
0.7910563349723816 0.38145115971565247 0.03558063507080078 0.03342890739440918 0.005250247661024332
0.651221752166748 0.8652183413505554 0.033239901065826416 0.030385971069335938 0.005169123411178589
0.9617927670478821 0.9362738132476807 0.018648505210876465 0.019427478313446045 0.005039569456130266
0.45706692337989807 0.7422837018966675 0.015396296977996826 0.014702022075653076 0.005019168369472027
0.5294190645217896 0.6183508634567261 0.03370988368988037 0.027692735195159912 0.005009637679904699
0.2743123173713684 0.39172136783599854 0.014213114976882935 0.014016538858413696 0.005004529841244221
0.7138773202896118 0.8452955484390259 0.034211814403533936 0.036199212074279785 0.0048860590904951096
0.586264431476593 0.6601160168647766 0.024058938026428223 0.02264273166656494 0.004856382496654987
0.717267632484436 0.28576260805130005 0.015681087970733643 0.015099823474884033 0.0048024519346654415
0.3003290891647339 0.2920745611190796 0.018279314041137695 0.019358575344085693 0.004768818151205778
0.7313699722290039 0.7816636562347412 0.040305912494659424 0.035933613777160645 0.00473775202408433
0.6339505910873413 0.7133638858795166 0.036747515201568604 0.030582726001739502 0.004708785563707352
0.2643531858921051 0.663408100605011 0.01615273952484131 0.01644444465637207 0.004701153840869665
0.7956728935241699 0.38555946946144104 0.03380012512207031 0.027120113372802734 0.004654915537685156
0.5781139135360718 0.593397319316864 0.02966773509979248 0.027439117431640625 0.004618393257260323
0.4486142694950104 0.3188844919204712 0.027504801750183105 0.024777621030807495 0.004530893638730049
0.8543031811714172 0.7297073602676392 0.037104010581970215 0.038053691387176514 0.004529102705419064
0.4647652506828308 0.26484057307243347 0.03788384795188904 0.036379292607307434 0.004503242205828428
0.6810561418533325 0.7268457412719727 0.032552897930145264 0.025534629821777344 0.004497055895626545
0.868943452835083 0.7069482803344727 0.03649479150772095 0.035171329975128174 0.004416220355778933
0.6149371266365051 0.9871509671211243 0.03510856628417969 0.025260210037231445 0.004385654348880053
0.45494407415390015 0.31357014179229736 0.029923170804977417 0.02825048565864563 0.004363104701042175
0.34098172187805176 0.40419045090675354 0.0351296067237854 0.03047877550125122 0.004359409213066101
0.32899919152259827 0.9078004956245422 0.013464808464050293 0.014084219932556152 0.004347611218690872
0.8002580404281616 0.6759241223335266 0.034693896770477295 0.029573440551757812 0.004294277168810368
0.800778865814209 0.7157679200172424 0.02627849578857422 0.023638010025024414 0.0042092096991837025
0.6468808650970459 0.8627169132232666 0.02889031171798706 0.023202478885650635 0.004184826277196407
0.7223987579345703 0.656827449798584 0.03552210330963135 0.030588805675506592 0.004183642566204071
0.6677167415618896 0.34418803453445435 0.016643106937408447 0.018076390027999878 0.004160479176789522
0.7418354153633118 0.4078330099582672 0.03343832492828369 0.030440688133239746 0.004096807446330786
0.7982066869735718 0.7247925996780396 0.035887181758880615 0.03242146968841553 0.004089258145540953
0.3358432650566101 0.40317583084106445 0.03879395127296448 0.033247023820877075 0.004057188518345356
0.7069522142410278 0.7759117484092712 0.056168556213378906 0.04606819152832031 0.004032829776406288
0.8092976808547974 0.38910815119743347 0.015389442443847656 0.02072620391845703 0.004021200351417065
