x y width height conf
0.8904326558113098 0.767190158367157 0.024250388145446777 0.024023056030273438 0.38120517134666443
0.8902599215507507 0.7670819163322449 0.019880294799804688 0.019371986389160156 0.36784854531288147
0.5450044870376587 0.9798265695571899 0.019912123680114746 0.01818162202835083 0.3312320113182068
0.9826812744140625 0.6340159177780151 0.02094191312789917 0.022012293338775635 0.3042154610157013
0.981545090675354 0.6336805820465088 0.026146292686462402 0.025930821895599365 0.2991412580013275
0.6851447820663452 0.6995280385017395 0.02636486291885376 0.024492263793945312 0.2834349274635315
0.712691068649292 0.9446657299995422 0.027127325534820557 0.024155378341674805 0.21648463606834412
0.5906249284744263 0.9632623791694641 0.02924555540084839 0.02576756477355957 0.2116844654083252
0.6842738389968872 0.7932184338569641 0.029787421226501465 0.025669097900390625 0.20767146348953247
0.46826526522636414 0.9926133155822754 0.02373981475830078 0.014773368835449219 0.17794232070446014
0.6847488880157471 0.7924695014953613 0.02458900213241577 0.021630942821502686 0.17760704457759857
0.6852823495864868 0.6998066902160645 0.0349467396736145 0.029691696166992188 0.16035069525241852
0.6381195187568665 0.43374937772750854 0.025816679000854492 0.023846417665481567 0.15311677753925323
0.7819818258285522 0.6668689250946045 0.02125602960586548 0.019677937030792236 0.1513083428144455
0.5523368716239929 0.8004221320152283 0.021659374237060547 0.01971280574798584 0.14979377388954163
0.5450785160064697 0.9808437824249268 0.023489773273468018 0.022138774394989014 0.14785677194595337
0.7816569805145264 0.667074978351593 0.026181161403656006 0.02461373805999756 0.13996709883213043
0.5137001276016235 0.9528428316116333 0.02437591552734375 0.021342098712921143 0.13950979709625244
0.8324006199836731 0.6288386583328247 0.01670098304748535 0.01714545488357544 0.12968091666698456
0.9635456800460815 0.7258920669555664 0.03281921148300171 0.03148430585861206 0.11633225530385971
0.966267466545105 0.7236121296882629 0.026803433895111084 0.027015089988708496 0.11565565317869186
0.6846688389778137 0.7926346063613892 0.032114624977111816 0.02917766571044922 0.09131941199302673
0.6160047650337219 0.6476333141326904 0.0217972993850708 0.020093142986297607 0.08026178181171417
0.8312209844589233 0.6294293403625488 0.02386707067489624 0.02286207675933838 0.07920406013727188
0.5434408187866211 0.8935978412628174 0.02445763349533081 0.02231520414352417 0.07666489481925964
0.9540126919746399 0.7452786564826965 0.0328218936920166 0.053795576095581055 0.07593292742967606
0.5138469934463501 0.9528952836990356 0.027630984783172607 0.025112509727478027 0.07542195916175842
0.9496216773986816 0.7383195161819458 0.02927553653717041 0.03664529323577881 0.07065017521381378
0.4850228428840637 0.6431695222854614 0.02658158540725708 0.02516329288482666 0.06684640049934387
0.6154935359954834 0.6479530334472656 0.0253942608833313 0.02294081449508667 0.06657698005437851
0.48361921310424805 0.6034747362136841 0.015125662088394165 0.014689862728118896 0.06288523972034454
0.5434313416481018 0.8933796882629395 0.022644639015197754 0.0204431414604187 0.05927552655339241
0.48392271995544434 0.643089234828949 0.020919322967529297 0.020424365997314453 0.05922217667102814
0.4697953164577484 0.9916977882385254 0.02984333038330078 0.01660442352294922 0.05800580233335495
0.7802102565765381 0.6666350364685059 0.03330940008163452 0.029180705547332764 0.054460298269987106
0.955906867980957 0.7352877855300903 0.03938215970993042 0.04759341478347778 0.053702462464571
0.7639420628547668 0.6832297444343567 0.021836042404174805 0.024094820022583008 0.05313466861844063
0.5143690705299377 0.9534368515014648 0.030996590852737427 0.027167916297912598 0.05309876799583435
0.7294899225234985 0.38811469078063965 0.02173137664794922 0.022409439086914062 0.04667672887444496
0.8905121088027954 0.7684197425842285 0.028363823890686035 0.029722988605499268 0.0462213009595871
0.644827127456665 0.6312211751937866 0.02572864294052124 0.02486366033554077 0.041984304785728455
0.7284798622131348 0.38775157928466797 0.026617825031280518 0.02685326337814331 0.04164513573050499
0.5878742337226868 0.9687358140945435 0.03886377811431885 0.035665690898895264 0.041596993803977966
0.3809434473514557 0.829890251159668 0.02007293701171875 0.018667995929718018 0.04090519994497299
0.5182456970214844 0.7514239549636841 0.025898635387420654 0.024018287658691406 0.038557421416044235
0.6151796579360962 0.6480871438980103 0.027049481868743896 0.02513068914413452 0.037580858916044235
0.7701385617256165 0.6783115863800049 0.04305624961853027 0.043872833251953125 0.03725136071443558
0.38718175888061523 0.6499227285385132 0.019039452075958252 0.018728196620941162 0.03705400601029396
0.54120934009552 0.7764512300491333 0.02124863862991333 0.018324732780456543 0.035838887095451355
0.983567476272583 0.6331967115402222 0.030945241451263428 0.033218204975128174 0.03525335714221001
0.762177586555481 0.6848013401031494 0.0270538330078125 0.027925312519073486 0.03407135233283043
0.9547214508056641 0.7494721412658691 0.029924750328063965 0.04940474033355713 0.033793505281209946
0.6842349171638489 0.7928259372711182 0.03875100612640381 0.03074592351913452 0.032077498733997345
0.3780926764011383 0.8299161791801453 0.024329006671905518 0.023305892944335938 0.03027200885117054
0.9651817679405212 0.7229582071304321 0.030635833740234375 0.027989983558654785 0.02906556986272335
0.5821526646614075 0.9725441932678223 0.03690016269683838 0.032303452491760254 0.028216201812028885
0.40947848558425903 0.6481261253356934 0.016090214252471924 0.01618635654449463 0.028084898367524147
0.34167611598968506 0.8105059862136841 0.025171667337417603 0.026391208171844482 0.028034299612045288
0.9561399817466736 0.7407158613204956 0.0434417724609375 0.06570571660995483 0.02651248872280121
0.44606781005859375 0.9705456495285034 0.014628976583480835 0.014073550701141357 0.024217884987592697
0.7550301551818848 0.6139999628067017 0.021270930767059326 0.020906150341033936 0.023150520399212837
0.5452446937561035 0.9826583862304688 0.027647793292999268 0.02828848361968994 0.023146433755755424
0.9534586071968079 0.7536206841468811 0.02928757667541504 0.03711581230163574 0.022473296150565147
0.7097563743591309 0.9450429677963257 0.03765612840652466 0.029183566570281982 0.022074293345212936
0.4105512499809265 0.6490957140922546 0.019415467977523804 0.020041465759277344 0.021519137546420097
0.5022395253181458 0.8882237672805786 0.02595922350883484 0.020564675331115723 0.019808558747172356
0.6852890253067017 0.7018358707427979 0.03803205490112305 0.039036571979522705 0.01955426298081875
0.9550734758377075 0.7427641153335571 0.039417266845703125 0.057848334312438965 0.019080398604273796
0.6371890306472778 0.4331516623497009 0.03176623582839966 0.03145590424537659 0.018928881734609604
0.9541170001029968 0.7314286828041077 0.03537178039550781 0.03464353084564209 0.018067006021738052
0.6773924827575684 0.6527933478355408 0.029442191123962402 0.02519702911376953 0.017659097909927368
0.3753874897956848 0.8266537189483643 0.0217837393283844 0.020215213298797607 0.01707075722515583
0.7157042026519775 0.9441601037979126 0.035848796367645264 0.030018627643585205 0.01701752096414566
0.48437464237213135 0.6038435697555542 0.0220659077167511 0.021241962909698486 0.016865016892552376
0.5872709155082703 0.9653753638267517 0.043229103088378906 0.03630638122558594 0.015496785752475262
0.8298904299736023 0.6289528608322144 0.02854156494140625 0.0281255841255188 0.015065684914588928
0.7542243599891663 0.6139615774154663 0.02825140953063965 0.026640474796295166 0.014846392907202244
0.6791732311248779 0.6981744766235352 0.0430871844291687 0.03179246187210083 0.01428726501762867
0.5946842432022095 0.6321620941162109 0.017586112022399902 0.016237735748291016 0.014235300943255424
0.42882072925567627 0.992301344871521 0.017742902040481567 0.014445483684539795 0.014145090244710445
0.5403326749801636 0.7765911817550659 0.02605491876602173 0.022138118743896484 0.013875876553356647
0.43045392632484436 0.9903448820114136 0.022463321685791016 0.017289936542510986 0.012973487377166748
0.9801065921783447 0.6343246698379517 0.03968769311904907 0.03914564847946167 0.012884666211903095
0.5444375276565552 0.8930996060371399 0.031937479972839355 0.027894258499145508 0.01269760075956583
0.4693089723587036 0.9899307489395142 0.03383275866508484 0.020138561725616455 0.012644460424780846
0.44309914112091064 0.9701650738716125 0.02129879593849182 0.0190582275390625 0.011446895077824593
0.4659612774848938 0.45161086320877075 0.017478376626968384 0.017891496419906616 0.011057326570153236
0.5433984994888306 0.8950067758560181 0.028431296348571777 0.027453601360321045 0.010407832451164722
0.5924949645996094 0.9641498327255249 0.04492455720901489 0.03644639253616333 0.009840006940066814
0.42950379848480225 0.9720115661621094 0.015481680631637573 0.014123141765594482 0.009722946211695671
0.4126514494419098 0.9845885038375854 0.013108253479003906 0.012018978595733643 0.009575014933943748
0.9919304847717285 0.767836332321167 0.01606595516204834 0.025563836097717285 0.009204050526022911
0.6841585636138916 0.6982194781303406 0.04631394147872925 0.03985023498535156 0.00915438961237669
0.5136123895645142 0.9518201947212219 0.03376010060310364 0.03136444091796875 0.00869693886488676
0.7792832851409912 0.6694056987762451 0.04285687208175659 0.036470234394073486 0.008632918819785118
0.46339818835258484 0.9871716499328613 0.026572227478027344 0.020203769207000732 0.008100949227809906
0.46781229972839355 0.9174957275390625 0.01971292495727539 0.018550097942352295 0.008100527338683605
0.591401219367981 0.9608919620513916 0.039277851581573486 0.037288129329681396 0.0077913436107337475
0.6427242755889893 0.6287793517112732 0.03140348196029663 0.02702617645263672 0.007393811363726854
0.6149207353591919 0.6501043438911438 0.03223860263824463 0.030554771423339844 0.007306387182325125
0.720104455947876 0.7593507766723633 0.0179021954536438 0.015557289123535156 0.007215038873255253
0.5526825189590454 0.80091792345047 0.027998626232147217 0.026793718338012695 0.0070730955339968204
0.5969275236129761 0.992262065410614 0.018811821937561035 0.012671470642089844 0.006725505460053682
0.8547735214233398 0.8723028302192688 0.017393887042999268 0.01803743839263916 0.006714362185448408
0.4007006287574768 0.9562151432037354 0.026699930429458618 0.022643864154815674 0.0066545987501740456
0.4971378445625305 0.9496954679489136 0.022684693336486816 0.02053624391555786 0.006581679452210665
0.9485519528388977 0.8394200801849365 0.01651310920715332 0.016664087772369385 0.006424303166568279
0.543231725692749 0.7759233117103577 0.03189319372177124 0.024692773818969727 0.005929202772676945
0.9491325616836548 0.8391413688659668 0.019384384155273438 0.020765304565429688 0.005822929088026285
0.5315684080123901 0.6308937668800354 0.017680704593658447 0.016616463661193848 0.005691484548151493
0.9657465219497681 0.7198866605758667 0.03344613313674927 0.0314410924911499 0.00563779566437006
0.9452700614929199 0.7433339357376099 0.03963834047317505 0.045014023780822754 0.005472460761666298
0.7602109909057617 0.6845502853393555 0.04016810655593872 0.03565496206283569 0.005328713450580835
0.5955827832221985 0.6329771280288696 0.021419286727905273 0.02087193727493286 0.005281371530145407
0.8540277481079102 0.8732044696807861 0.021718621253967285 0.023319661617279053 0.005277019459754229
0.5524657964706421 0.9788910150527954 0.0385168194770813 0.03096979856491089 0.005192648619413376
0.3440099358558655 0.8123294115066528 0.03068646788597107 0.026550114154815674 0.004732425790280104
0.887703537940979 0.7658658623695374 0.043187737464904785 0.03568148612976074 0.004713275469839573
0.5080399513244629 0.9532807469367981 0.03771239519119263 0.02813267707824707 0.00462393369525671
0.712806224822998 0.9459016919136047 0.03616905212402344 0.038361191749572754 0.0046219895593822
0.540005087852478 0.8602972030639648 0.033051490783691406 0.028418362140655518 0.004527900833636522
0.6587427258491516 0.9932549595832825 0.02736663818359375 0.012595534324645996 0.004321365151554346
0.6517781019210815 0.635155439376831 0.043161213397979736 0.03882843255996704 0.004236629698425531
0.4676317572593689 0.2856099605560303 0.014508634805679321 0.013641178607940674 0.004208951257169247
0.6698086261749268 0.34438180923461914 0.02060014009475708 0.01989784836769104 0.004103534389287233
0.6052958965301514 0.6384261846542358 0.038424670696258545 0.032653987407684326 0.004044789355248213
0.38228240609169006 0.8313688039779663 0.027094602584838867 0.021535098552703857 0.003971811383962631
0.8694796562194824 0.6988741159439087 0.01964890956878662 0.018710315227508545 0.003806191263720393
0.46676337718963623 0.2866869568824768 0.01748630404472351 0.016855061054229736 0.0037595301400870085
0.7195008993148804 0.7605774402618408 0.024621129035949707 0.023039400577545166 0.003742452012374997
0.3783571720123291 0.6407862305641174 0.030469417572021484 0.030303359031677246 0.003667267970740795
0.7889312505722046 0.8570020794868469 0.013689398765563965 0.013179421424865723 0.0036342269740998745
0.8698267936706543 0.6982625126838684 0.016243934631347656 0.01571214199066162 0.0035024513490498066
0.46591949462890625 0.45148029923439026 0.023147016763687134 0.02194368839263916 0.003418123349547386
0.4491046071052551 0.9466181993484497 0.015235722064971924 0.014860153198242188 0.0033920586574822664
0.5304791927337646 0.6313856244087219 0.02157658338546753 0.02001941204071045 0.003361558774486184
0.9487895369529724 0.7453975081443787 0.04776477813720703 0.055094242095947266 0.0033104869071394205
0.5514847636222839 0.7968519330024719 0.034687042236328125 0.0315091609954834 0.0032765171490609646
0.4124167561531067 0.9819263219833374 0.014812946319580078 0.016484439373016357 0.0032647945918142796
0.4593356251716614 0.9581921100616455 0.01414528489112854 0.013866961002349854 0.0031903062481433153
0.4649924337863922 0.9550952911376953 0.025396347045898438 0.02263486385345459 0.0031115824822336435
0.6891476511955261 0.7919659614562988 0.045136451721191406 0.03775519132614136 0.003060194430872798
0.6762480735778809 0.6557166576385498 0.03359091281890869 0.031723976135253906 0.0030353523325175047
0.7218180894851685 0.952670693397522 0.03685915470123291 0.02655106782913208 0.0030050459317862988
0.43574389815330505 0.6645333766937256 0.01621246337890625 0.015537679195404053 0.003002970712259412
0.5051944851875305 0.8887857794761658 0.03023645281791687 0.025333404541015625 0.002916016150265932
0.47414037585258484 0.9270412921905518 0.019969940185546875 0.017735064029693604 0.002860568230971694
0.8346729278564453 0.6302133798599243 0.0318218469619751 0.031308770179748535 0.002855262951925397
0.6543864011764526 0.9855266809463501 0.020927011966705322 0.016576409339904785 0.0028363747987896204
0.47386372089385986 0.991725742816925 0.03473588824272156 0.016548514366149902 0.002826457843184471
0.4138545095920563 0.9828461408615112 0.013267695903778076 0.013766705989837646 0.0028127492405474186
0.9485359191894531 0.8407977223396301 0.026557564735412598 0.02481245994567871 0.0027517343405634165
0.691805362701416 0.3572764992713928 0.024572551250457764 0.02259477972984314 0.0026923208497464657
0.673681378364563 0.3473266363143921 0.027424156665802002 0.027882307767868042 0.002678991062566638
0.731160044670105 0.38962748646736145 0.03016418218612671 0.03025829792022705 0.0026564442086964846
0.5123269557952881 0.9955481290817261 0.026553571224212646 0.008903682231903076 0.0025916327722370625
0.7836869359016418 0.9700406193733215 0.02332913875579834 0.01975095272064209 0.002498374320566654
0.5400896072387695 0.9756876230239868 0.026787757873535156 0.026285171508789062 0.002471407176926732
0.49946480989456177 0.8886549472808838 0.028547555208206177 0.026644527912139893 0.0024448607582598925
0.6540514230728149 0.9916890263557434 0.03186357021331787 0.01373898983001709 0.0024261348880827427
0.4476521611213684 0.9709116220474243 0.020740121603012085 0.01702040433883667 0.0023953926283866167
0.5991352200508118 0.9940363168716431 0.0219346284866333 0.010882198810577393 0.0023899010848253965
0.46211057901382446 0.9571348428726196 0.026001930236816406 0.021181881427764893 0.002289441879838705
0.46024835109710693 0.7534587979316711 0.028162091970443726 0.028669357299804688 0.0021784023847430944
0.43257275223731995 0.9911874532699585 0.03001117706298828 0.016490399837493896 0.0021255123429000378
0.38298600912094116 0.5851454734802246 0.016057580709457397 0.014497756958007812 0.002112432150170207
0.5176606178283691 0.7503448724746704 0.03159075975418091 0.02895909547805786 0.0020992665085941553
0.6125510334968567 0.6460490822792053 0.04465031623840332 0.04077112674713135 0.0020505443681031466
0.4330673813819885 0.3219705820083618 0.01694488525390625 0.016802221536636353 0.00199030339717865
0.40052759647369385 0.9572252631187439 0.019359171390533447 0.01906108856201172 0.001963556744158268
0.5752601623535156 0.9899674654006958 0.0323905348777771 0.01678788661956787 0.0019469739636406302
0.5081418752670288 0.996166467666626 0.01929008960723877 0.007667064666748047 0.0019254074431955814
0.5925289392471313 0.6323479413986206 0.026647746562957764 0.025309741497039795 0.0018979512387886643
0.7879855632781982 0.8562147617340088 0.016884982585906982 0.016702234745025635 0.001797916367650032
0.3391474485397339 0.5822097063064575 0.014155298471450806 0.014634311199188232 0.0017924322746694088
0.6546505093574524 0.9859197735786438 0.027085304260253906 0.018785476684570312 0.001775269745849073
0.5833319425582886 0.9925435185432434 0.039668500423431396 0.013068556785583496 0.001765483757480979
0.8952864408493042 0.7664161324501038 0.043268024921417236 0.03670501708984375 0.001740901730954647
0.4696575403213501 0.9219967126846313 0.028692632913589478 0.02396470308303833 0.0016717597609385848
0.5382182598114014 0.8583961725234985 0.03020256757736206 0.025017142295837402 0.0016509064007550478
0.6170651912689209 0.6442842483520508 0.03620058298110962 0.034200191497802734 0.001647665281780064
0.6546306610107422 0.8467519283294678 0.016725897789001465 0.015017926692962646 0.0016062625218182802
0.5186624526977539 0.8423761129379272 0.015037178993225098 0.014148175716400146 0.0016060109483078122
0.4708571434020996 0.6383222341537476 0.0246124267578125 0.026282846927642822 0.0015999989118427038
0.6017537117004395 0.60743647813797 0.02111828327178955 0.019972801208496094 0.001566963386721909
0.6564453840255737 0.9881811141967773 0.025448858737945557 0.01972353458404541 0.0015640842029824853
0.3755243420600891 0.5250775814056396 0.016650855541229248 0.016636550426483154 0.0015582903288304806
0.8336648941040039 0.6284924745559692 0.03514862060546875 0.03846323490142822 0.0015215447638183832
0.7199662327766418 0.40706750750541687 0.025148987770080566 0.017855823040008545 0.0015067296335473657
0.4800903797149658 0.6422718167304993 0.030910581350326538 0.025712013244628906 0.0014817528426647186
0.5987667441368103 0.6116973161697388 0.03096628189086914 0.028910815715789795 0.0014486269792541862
0.7610177397727966 0.6811214685440063 0.054680824279785156 0.04916268587112427 0.001422002911567688
0.7351826429367065 0.9608453512191772 0.023453891277313232 0.020379245281219482 0.0014093131758272648
0.4356061816215515 0.9767236709594727 0.034122198820114136 0.029269814491271973 0.0013561963569372892
0.3581993281841278 0.882888674736023 0.017557621002197266 0.017268598079681396 0.0013503257650882006
0.5445324182510376 0.862038791179657 0.031229794025421143 0.02630901336669922 0.001339952228590846
0.7749325037002563 0.6714918613433838 0.04840642213821411 0.0436747670173645 0.0013382233446463943
0.7138822078704834 0.9954321980476379 0.02740079164505005 0.009022712707519531 0.001310675055719912
0.39402836561203003 0.9802578091621399 0.013493150472640991 0.013824105262756348 0.0012913622194901109
0.3761482238769531 0.8284271955490112 0.030637651681900024 0.027070820331573486 0.0012894646497443318
0.790974497795105 0.9718568921089172 0.025652050971984863 0.02053987979888916 0.0012569950195029378
0.4253602623939514 0.9725803136825562 0.018919289112091064 0.01718062162399292 0.001243115752004087
0.5261465907096863 0.7582634687423706 0.039241790771484375 0.039753735065460205 0.001240793615579605
0.6920053362846375 0.35866761207580566 0.031920433044433594 0.026048481464385986 0.001208572182804346
0.7255086898803711 0.3939664363861084 0.02506697177886963 0.030658334493637085 0.0011940934928134084
0.8880503177642822 0.9427952766418457 0.017765820026397705 0.01770097017288208 0.0011457190848886967
0.6674821972846985 0.34340667724609375 0.029344558715820312 0.024876117706298828 0.00113165273796767
0.5977790355682373 0.6239665150642395 0.029579341411590576 0.03186678886413574 0.0011268733069300652
0.9631601572036743 0.7368110418319702 0.04975855350494385 0.066722571849823 0.0011259880848228931
0.7161475419998169 0.7609557509422302 0.03007131814956665 0.026148319244384766 0.0011078944662585855
0.4486200213432312 0.9534816145896912 0.023854821920394897 0.023467063903808594 0.001093964441679418
0.519249439239502 0.8447583317756653 0.021180331707000732 0.021605730056762695 0.0010891809361055493
0.39525699615478516 0.837344765663147 0.019254028797149658 0.02112501859664917 0.0010874459985643625
0.39976805448532104 0.9571914672851562 0.020518094301223755 0.02022397518157959 0.001085709547623992
0.3801383078098297 0.9948087930679321 0.016306698322296143 0.010382473468780518 0.0010768058709800243
0.4328997731208801 0.32382985949516296 0.022421836853027344 0.023679494857788086 0.0010701025603339076
0.7528940439224243 0.40185078978538513 0.021430373191833496 0.030330181121826172 0.0010665099835023284
0.46604710817337036 0.9508824348449707 0.021790891885757446 0.020924746990203857 0.001047669560648501
0.489829957485199 0.8510290384292603 0.017146319150924683 0.015708565711975098 0.0010387087240815163
0.7880472540855408 0.6679812669754028 0.04458427429199219 0.03339046239852905 0.0010364564368501306
0.5491442680358887 0.7283992767333984 0.03306388854980469 0.026464879512786865 0.0010348615469411016
0.8024178743362427 0.6170026063919067 0.016442477703094482 0.01804274320602417 0.0010305994655936956
0.7854538559913635 0.9709817171096802 0.029400110244750977 0.02385425567626953 0.001027662423439324
0.45793384313583374 0.6080952882766724 0.015214711427688599 0.015488743782043457 0.0010257032699882984
0.5877571105957031 0.9754585027694702 0.03949010372161865 0.037237584590911865 0.001003820332698524
0.4805368185043335 0.6036443710327148 0.028755277395248413 0.026650607585906982 0.0009864508174359798
0.8282065391540527 0.6295291781425476 0.03905773162841797 0.03332042694091797 0.0009751850157044828
0.07257229089736938 0.553990364074707 0.02448008581995964 0.02322465181350708 0.0009691265877336264
0.6351431608200073 0.9956759214401245 0.029127120971679688 0.008195698261260986 0.0009509483934380114
0.5812519192695618 0.9700514078140259 0.046740174293518066 0.0365985631942749 0.0009466282790526748
0.6266034245491028 0.6035083532333374 0.018348097801208496 0.017626404762268066 0.0008882393594831228
0.7538790702819824 0.6132009625434875 0.040340423583984375 0.03601336479187012 0.0008844870608299971
0.3277548849582672 0.682537317276001 0.02111673355102539 0.021947205066680908 0.0008438009535893798
0.5457121133804321 0.7863756418228149 0.03851872682571411 0.03719204664230347 0.0008107271860353649
0.687881588935852 0.35659655928611755 0.024365127086639404 0.020255088806152344 0.0008056393708102405
0.5316880941390991 0.6380037069320679 0.022123515605926514 0.023033559322357178 0.0007976415217854083
0.431351900100708 0.9828827977180481 0.02213829755783081 0.023212075233459473 0.0007971719023771584
0.7554274797439575 0.6160874962806702 0.032044410705566406 0.03504621982574463 0.0007682511932216585
0.5329878330230713 0.7675231695175171 0.039248883724212646 0.03647345304489136 0.0007516039186157286
0.3824840188026428 0.6420724391937256 0.033631324768066406 0.031129956245422363 0.000751239072997123
0.9431661367416382 0.7310800552368164 0.03433781862258911 0.035174787044525146 0.0007474757148884237
0.6792335510253906 0.6513688564300537 0.03626209497451782 0.03205150365829468 0.0007455417653545737
0.5502023100852966 0.7270952463150024 0.03389406204223633 0.029765307903289795 0.0007429024553857744
0.378631591796875 0.644837498664856 0.035690248012542725 0.031128346920013428 0.000730154977645725
0.7140924334526062 0.4116487503051758 0.023133277893066406 0.019955813884735107 0.0007288487977348268
0.4997786283493042 0.8924901485443115 0.03294900059700012 0.03171771764755249 0.0007236565579660237
0.7197062373161316 0.9428977370262146 0.04500102996826172 0.03435230255126953 0.000719779112841934
0.6557502746582031 0.9866364002227783 0.03339189291000366 0.02363532781600952 0.0007193828350864351
0.7934256196022034 0.6692588925361633 0.04281282424926758 0.03834545612335205 0.000717856630217284
0.6725116968154907 0.6514898538589478 0.042327821254730225 0.0345538854598999 0.0007121578091755509
0.5355260968208313 0.8564343452453613 0.02688002586364746 0.02220761775970459 0.0007102400995790958
0.527955174446106 0.9678758382797241 0.04612100124359131 0.04234582185745239 0.0006910411757417023
0.48086613416671753 0.9514678716659546 0.02921953797340393 0.026089847087860107 0.0006901717279106379
0.6775470972061157 0.6451625823974609 0.037956416606903076 0.03586387634277344 0.0006852117949165404
0.527716875076294 0.8533544540405273 0.02446800470352173 0.021358847618103027 0.0006792548228986561
0.4815168082714081 0.9947158098220825 0.03815537691116333 0.010482966899871826 0.0006760747637599707
0.7943536043167114 0.9761675000190735 0.022646605968475342 0.021759748458862305 0.0006617002654820681
0.9745315313339233 0.7174625396728516 0.03672903776168823 0.03568553924560547 0.0006559919565916061
0.7425291538238525 0.6832083463668823 0.045820415019989014 0.044694721698760986 0.00064583879429847
0.7916227579116821 0.4638782739639282 0.016629397869110107 0.017271608114242554 0.0006457501440308988
0.9255038499832153 0.9959818124771118 0.022339224815368652 0.008036434650421143 0.0006157743046060205
0.6072667241096497 0.8242082595825195 0.01735103130340576 0.015128731727600098 0.0006148793618194759
0.4893409013748169 0.9480116367340088 0.030508071184158325 0.027465403079986572 0.0005978095578029752
0.7053016424179077 0.9434992074966431 0.04366260766983032 0.03508341312408447 0.0005959483678452671
0.5007421374320984 0.8929484486579895 0.030706137418746948 0.03121316432952881 0.000589439703617245
0.3404196500778198 0.9113975763320923 0.013014227151870728 0.011929333209991455 0.0005849614972248673
0.7891784906387329 0.9725161790847778 0.03040236234664917 0.026379942893981934 0.0005810830625705421
0.07349865138530731 0.5536614656448364 0.03073115274310112 0.027743637561798096 0.0005785729736089706
0.5175275802612305 0.7537921071052551 0.03527507185935974 0.04136335849761963 0.0005686306394636631
0.6894150376319885 0.5070227384567261 0.016566872596740723 0.016187578439712524 0.0005670872633345425
0.4726872444152832 0.9557180404663086 0.033536046743392944 0.027966678142547607 0.0005552690126933157
0.34104108810424805 0.9122803211212158 0.016515910625457764 0.016200244426727295 0.00055320980027318
0.3593793511390686 0.8833755254745483 0.022912979125976562 0.02081221342086792 0.0005529857589863241
0.4883161783218384 0.6453967690467834 0.040408164262771606 0.03531169891357422 0.0005455539794638753
0.6190750598907471 0.9956804513931274 0.030748069286346436 0.008639156818389893 0.0005284592043608427
0.5443234443664551 0.7305599451065063 0.035217881202697754 0.02782726287841797 0.0005274261347949505
0.4103220999240875 0.845260500907898 0.02285587787628174 0.02199500799179077 0.0005259466706775129
0.5151727795600891 0.6579102277755737 0.014897584915161133 0.015154421329498291 0.0005196955753490329
0.699104905128479 0.7052645683288574 0.04180258512496948 0.03758656978607178 0.0005180278676562011
0.3378533720970154 0.5815752744674683 0.016479074954986572 0.018011629581451416 0.0005125436000525951
0.9484055042266846 0.7522659301757812 0.0433010458946228 0.0525592565536499 0.0005104683223180473
0.3840550482273102 0.5855200290679932 0.02285134792327881 0.020078957080841064 0.0005093307700008154
0.7463271617889404 0.8675273656845093 0.012517750263214111 0.012484729290008545 0.0005049242172390223
0.7127702236175537 0.45708632469177246 0.019717037677764893 0.01777362823486328 0.0004996376810595393
0.8212248086929321 0.6242293119430542 0.04461777210235596 0.03877073526382446 0.000499487214256078
0.8006452322006226 0.6170907020568848 0.020646631717681885 0.022711098194122314 0.0004982390091754496
0.6517957448959351 0.8456165790557861 0.024698853492736816 0.020411312580108643 0.0004887268296442926
0.5538195967674255 0.8042905330657959 0.03558158874511719 0.03468376398086548 0.0004707108892034739
0.5934841632843018 0.6265774965286255 0.03289806842803955 0.0324479341506958 0.00046979417675174773
0.6764400601387024 0.6400445103645325 0.02820420265197754 0.028479933738708496 0.00046967100934125483
0.927149772644043 0.7403045892715454 0.024641036987304688 0.029875755310058594 0.0004680973361246288
0.49208176136016846 0.6496789455413818 0.04318562150001526 0.03155916929244995 0.0004666451714001596
0.8537086248397827 0.874829113483429 0.028578221797943115 0.030015230178833008 0.0004572611942421645
0.7139238119125366 0.45766136050224304 0.016632497310638428 0.014087200164794922 0.0004527333949226886
0.5670572519302368 0.28373652696609497 0.01909005641937256 0.018174469470977783 0.0004484521341510117
0.4658083915710449 0.2868131399154663 0.02239665389060974 0.019053727388381958 0.00043347731116227806
0.5372588634490967 0.8562326431274414 0.038017094135284424 0.03189581632614136 0.00043183256639167666
0.9834493398666382 0.6254048347473145 0.030073344707489014 0.04091966152191162 0.0004132638860028237
0.6734776496887207 0.9953417778015137 0.033557891845703125 0.00893479585647583 0.00041221376159228384
0.3279455304145813 0.6830699443817139 0.027200400829315186 0.027617275714874268 0.0004118146898690611
