x y width height conf
0.53700852394104 0.4160624146461487 0.02265375852584839 0.025626838207244873 0.4771580398082733
0.10400816798210144 0.7370671629905701 0.024872474372386932 0.02451324462890625 0.3999464511871338
0.05486784130334854 0.70113605260849 0.024089325219392776 0.024890899658203125 0.38431936502456665
0.48700881004333496 0.9282543659210205 0.021025270223617554 0.019714772701263428 0.3687436878681183
0.3430018723011017 0.8736358880996704 0.02987968921661377 0.03110218048095703 0.340741366147995
0.44120967388153076 0.6974616646766663 0.023975461721420288 0.02528965473175049 0.3220864534378052
0.12143295258283615 0.674755334854126 0.03442130982875824 0.03511732816696167 0.31492143869400024
0.331826388835907 0.5903114080429077 0.022132664918899536 0.020032107830047607 0.30143511295318604
0.5720723867416382 0.743388295173645 0.01927715539932251 0.018980205059051514 0.28733915090560913
0.2531220614910126 0.8841422200202942 0.025200560688972473 0.022298574447631836 0.27259743213653564
0.5864235758781433 0.5975843071937561 0.03290987014770508 0.027251005172729492 0.2716715335845947
0.37662097811698914 0.6818570494651794 0.027895450592041016 0.02795124053955078 0.2664528787136078
0.5792146921157837 0.9058033227920532 0.016840577125549316 0.01631242036819458 0.2613619565963745
0.487384557723999 0.9285467267036438 0.02511349320411682 0.024391531944274902 0.25411996245384216
0.5718787312507629 0.7435126304626465 0.02490544319152832 0.023348629474639893 0.25390011072158813
0.05469856411218643 0.7011765241622925 0.030063297599554062 0.030020177364349365 0.25302842259407043
0.3765760362148285 0.19181326031684875 0.027699947357177734 0.02423962950706482 0.2509005069732666
0.19426503777503967 0.7289396524429321 0.033054739236831665 0.031082987785339355 0.24202880263328552
0.3443404734134674 0.6399639248847961 0.03390377759933472 0.04010581970214844 0.23813536763191223
0.4428904950618744 0.5491417050361633 0.020556926727294922 0.020308256149291992 0.23727072775363922
0.08836996555328369 0.6551489233970642 0.026226118206977844 0.027411460876464844 0.23394964635372162
0.5259592533111572 0.9562996029853821 0.02331024408340454 0.020632147789001465 0.23301450908184052
0.3161447048187256 0.8579448461532593 0.024780362844467163 0.021505892276763916 0.22714203596115112
0.3275473117828369 0.9570386409759521 0.021927833557128906 0.018313586711883545 0.21127836406230927
0.40877389907836914 0.6904759407043457 0.024361789226531982 0.023301899433135986 0.2095431238412857
0.46101248264312744 0.30903106927871704 0.029355257749557495 0.02525964379310608 0.2081223428249359
0.22815614938735962 0.8236231803894043 0.025924965739250183 0.024411380290985107 0.2079026997089386
0.5568550229072571 0.9175545573234558 0.022426486015319824 0.021383285522460938 0.20312711596488953
0.29534798860549927 0.7106996774673462 0.02961784601211548 0.025495827198028564 0.19929924607276917
0.3155636787414551 0.8594785928726196 0.0279904305934906 0.027254104614257812 0.1939084231853485
0.4614810049533844 0.3086177110671997 0.03301811218261719 0.029008090496063232 0.18681831657886505
0.5794017314910889 0.9062202572822571 0.021834373474121094 0.02198314666748047 0.18666239082813263
0.5192316174507141 0.7679904699325562 0.02074456214904785 0.020428240299224854 0.1832241266965866
0.1995578110218048 0.4819799065589905 0.02280011773109436 0.019236087799072266 0.1796470284461975
0.3758755326271057 0.19243082404136658 0.03403553366661072 0.02928246557712555 0.17469190061092377
0.3401709198951721 0.7789338231086731 0.02151009440422058 0.019776344299316406 0.1720479279756546
0.28027933835983276 0.7659416198730469 0.023167043924331665 0.02046966552734375 0.17149917781352997
0.3146553635597229 0.9257084131240845 0.025827229022979736 0.02238023281097412 0.17077462375164032
0.2279711216688156 0.8239632844924927 0.030411720275878906 0.02803361415863037 0.16695713996887207
0.33120983839035034 0.5905497670173645 0.03075239062309265 0.02630770206451416 0.1641533523797989
0.2339823842048645 0.7128759622573853 0.02551250159740448 0.02274113893508911 0.1572151780128479
0.19929541647434235 0.48228269815444946 0.023776650428771973 0.019722938537597656 0.152419313788414
0.6093213558197021 0.913551926612854 0.016288697719573975 0.01720505952835083 0.15188667178153992
0.22764021158218384 0.8235698938369751 0.03198613226413727 0.02869337797164917 0.14818184077739716
0.2968541383743286 0.7100430727005005 0.030205637216567993 0.02665656805038452 0.14004942774772644
0.34292149543762207 0.8729480504989624 0.03283047676086426 0.03410416841506958 0.12642662227153778
0.1057128831744194 0.7368590831756592 0.03301084041595459 0.03099268674850464 0.1262098103761673
0.195440411567688 0.6695740222930908 0.03148125112056732 0.030682384967803955 0.12451157718896866
0.31570351123809814 0.8590711355209351 0.02749994397163391 0.029089748859405518 0.12371909618377686
0.27990907430648804 0.7653979063034058 0.029452413320541382 0.024509847164154053 0.11132156103849411
0.3406772017478943 0.7789067029953003 0.02750900387763977 0.026060521602630615 0.11104223132133484
0.1601254940032959 0.9483072757720947 0.017823651432991028 0.016601145267486572 0.10775679349899292
0.12200906127691269 0.6770485043525696 0.04065351188182831 0.043372154235839844 0.10584782809019089
0.08728528022766113 0.6553964614868164 0.03083832561969757 0.03562659025192261 0.10336094349622726
0.4419901967048645 0.5489199161529541 0.027756690979003906 0.025601565837860107 0.10313049703836441
0.1967710554599762 0.6733734011650085 0.03799763321876526 0.038056373596191406 0.08072223514318466
0.3942103385925293 0.6423450112342834 0.02008533477783203 0.017595648765563965 0.07155101746320724
0.52495276927948 0.9559322595596313 0.029019176959991455 0.024445176124572754 0.06804295629262924
0.32798415422439575 0.9601429104804993 0.027840137481689453 0.026068449020385742 0.06782574951648712
0.6105409860610962 0.9129756689071655 0.021104395389556885 0.021950900554656982 0.056868068873882294
0.19964081048965454 0.4835566580295563 0.028514519333839417 0.02613621950149536 0.05626601353287697
0.15003803372383118 0.7569013237953186 0.025971323251724243 0.02323305606842041 0.05366915464401245
0.39406195282936096 0.6443768739700317 0.02432715892791748 0.024874866008758545 0.05350439250469208
0.25500547885894775 0.8843835592269897 0.03252516686916351 0.027108728885650635 0.05196894705295563
0.4615747332572937 0.308013379573822 0.035509318113327026 0.03240576386451721 0.05117211863398552
0.16079139709472656 0.9489841461181641 0.022155284881591797 0.02022552490234375 0.05012279003858566
0.34440040588378906 0.8705660104751587 0.034543126821517944 0.03638327121734619 0.04995757341384888
0.4596601128578186 0.30902189016342163 0.03804340958595276 0.029097706079483032 0.049857817590236664
0.19604939222335815 0.7303398251533508 0.042063578963279724 0.03698325157165527 0.04886965826153755
0.2023189663887024 0.6808368563652039 0.04337488114833832 0.04246330261230469 0.048339031636714935
0.34680551290512085 0.7393786907196045 0.02351054549217224 0.022462010383605957 0.04803074151277542
0.44093361496925354 0.6980804204940796 0.028524398803710938 0.03303104639053345 0.04511559009552002
0.5549255609512329 0.9181190729141235 0.027396976947784424 0.025669455528259277 0.043872181326150894
0.1655047982931137 0.715648889541626 0.03120255470275879 0.036131203174591064 0.04317953810095787
0.5559657216072083 0.288740873336792 0.017501473426818848 0.01797446608543396 0.04310838133096695
0.3348858952522278 0.8683695793151855 0.046249210834503174 0.03902989625930786 0.043006785213947296
0.3404000997543335 0.8767189979553223 0.03852909803390503 0.040948688983917236 0.04203314706683159
0.05421176180243492 0.7024035453796387 0.03525958210229874 0.03917282819747925 0.04149501398205757
0.17461681365966797 0.6730260848999023 0.03786902129650116 0.0353546142578125 0.04085206612944603
0.3152330219745636 0.9262769222259521 0.03251755237579346 0.0278967022895813 0.039367686957120895
0.586889922618866 0.5966835021972656 0.03843402862548828 0.0346338152885437 0.0370192788541317
0.06584864854812622 0.6388005018234253 0.02340712770819664 0.02553504705429077 0.037005309015512466
0.16939286887645721 0.7227509617805481 0.02815711498260498 0.036910414695739746 0.03667362779378891
0.3878129720687866 0.6545364856719971 0.024074286222457886 0.018772423267364502 0.03629613667726517
0.12127694487571716 0.5563138127326965 0.020138047635555267 0.01935708522796631 0.035575076937675476
0.3633800148963928 0.7285465598106384 0.02198481559753418 0.02117776870727539 0.03470822051167488
0.7500606775283813 0.7904856204986572 0.034655213356018066 0.03197658061981201 0.03449883311986923
0.14950409531593323 0.7538071870803833 0.03165349364280701 0.03259241580963135 0.03258712962269783
0.37957116961479187 0.6784250736236572 0.034894466400146484 0.03357762098312378 0.03227351978421211
0.2670626938343048 0.6321849822998047 0.026690185070037842 0.022869884967803955 0.03211306780576706
0.3912773132324219 0.6482052803039551 0.02947559952735901 0.028557419776916504 0.03157046064734459
0.08436355739831924 0.6504988670349121 0.04271182417869568 0.04091966152191162 0.03127075359225273
0.19146797060966492 0.6694051027297974 0.04004393517971039 0.035346806049346924 0.030815625563263893
0.3439520597457886 0.6332607269287109 0.033896833658218384 0.03540909290313721 0.030814502388238907
0.48742735385894775 0.9296728372573853 0.030739575624465942 0.031552672386169434 0.030788039788603783
0.5701674818992615 0.7433224320411682 0.031434059143066406 0.026745319366455078 0.029783286154270172
0.055830396711826324 0.6880414485931396 0.027083728462457657 0.028806626796722412 0.02888050675392151
0.29622894525527954 0.7101560831069946 0.03939706087112427 0.03630030155181885 0.02827593684196472
0.24532726407051086 0.6708776950836182 0.02696080505847931 0.02696293592453003 0.028222227469086647
0.12022049725055695 0.6708507537841797 0.041862018406391144 0.0428241491317749 0.02819785103201866
0.33143579959869385 0.591025710105896 0.03664979338645935 0.03500789403915405 0.027607673779129982
0.1782129555940628 0.725239634513855 0.036134421825408936 0.03762120008468628 0.02736623026430607
0.06713232398033142 0.6405913829803467 0.02922818809747696 0.030712604522705078 0.027338361367583275
0.24189215898513794 0.6755765676498413 0.04018278419971466 0.03973621129989624 0.02696661464869976
0.19960005581378937 0.4815080761909485 0.030893951654434204 0.025929629802703857 0.026943355798721313
0.26744428277015686 0.6327242851257324 0.030454933643341064 0.025456726551055908 0.026523848995566368
0.2454422116279602 0.6753653287887573 0.03388310968875885 0.03647118806838989 0.025982290506362915
0.26647570729255676 0.6324571371078491 0.032725632190704346 0.027359306812286377 0.025455495342612267
0.1556340754032135 0.8931344747543335 0.015735268592834473 0.014689624309539795 0.024723706766963005
0.4418555200099945 0.5495784282684326 0.032379150390625 0.031375348567962646 0.024655833840370178
0.40446656942367554 0.686806321144104 0.02752283215522766 0.02928924560546875 0.024466505274176598
0.054876551032066345 0.6960342526435852 0.0345299057662487 0.039235472679138184 0.024434205144643784
0.5785055160522461 0.9074134826660156 0.02576887607574463 0.028221487998962402 0.023137398064136505
0.12151484191417694 0.5565677285194397 0.02719559520483017 0.023682355880737305 0.022466862574219704
0.35617709159851074 0.7347765564918518 0.02881607413291931 0.025156855583190918 0.02211563102900982
0.08852437138557434 0.5039935111999512 0.01585223525762558 0.015007823705673218 0.022079164162278175
0.30045485496520996 0.7044895887374878 0.03298759460449219 0.030135273933410645 0.02189670503139496
0.39961397647857666 0.30715635418891907 0.018168509006500244 0.016312718391418457 0.021687714383006096
0.3447016179561615 0.6482787132263184 0.03540349006652832 0.041613221168518066 0.02095458284020424
0.34630411863327026 0.7398974895477295 0.028561025857925415 0.028741061687469482 0.020449738949537277
0.2156755030155182 0.6732003688812256 0.036678463220596313 0.04021567106246948 0.020156297832727432
0.16050788760185242 0.6754730343818665 0.03338503837585449 0.035628318786621094 0.01984170265495777
0.21452128887176514 0.6828181743621826 0.045989274978637695 0.04001086950302124 0.019390666857361794
0.15531647205352783 0.8932045102119446 0.021647900342941284 0.01953434944152832 0.01811916194856167
0.10347014665603638 0.739025354385376 0.03632839024066925 0.03960293531417847 0.017558086663484573
0.5178832411766052 0.7684695720672607 0.026723861694335938 0.023496270179748535 0.017281727865338326
0.27998676896095276 0.7671985030174255 0.040622830390930176 0.03339099884033203 0.01702609844505787
0.3164578676223755 0.7349611520767212 0.02931573987007141 0.027596473693847656 0.017007505521178246
0.2465689778327942 0.6728688478469849 0.029875651001930237 0.0286371111869812 0.016928747296333313
0.21914678812026978 0.669068455696106 0.03876045346260071 0.03657686710357666 0.015956297516822815
0.21523138880729675 0.6776190996170044 0.03901384770870209 0.0420604944229126 0.01538187824189663
0.32645609974861145 0.955466091632843 0.02989494800567627 0.026069998741149902 0.014958071522414684
0.46762534976005554 0.9210159778594971 0.012730598449707031 0.01605147123336792 0.014630470424890518
0.3160751461982727 0.6760369539260864 0.028972625732421875 0.028157055377960205 0.014171780087053776
0.19924095273017883 0.6706439256668091 0.045857593417167664 0.036455512046813965 0.013736982829868793
0.31130844354629517 0.7308889627456665 0.03643256425857544 0.03077143430709839 0.013566641137003899
0.263969361782074 0.7124344110488892 0.024031728506088257 0.029556572437286377 0.013477934524416924
0.3668416142463684 0.7229174971580505 0.022615522146224976 0.023764610290527344 0.013458901084959507
0.31606537103652954 0.6718547940254211 0.026018589735031128 0.025059938430786133 0.01339705754071474
0.2176721692085266 0.5181995630264282 0.021306708455085754 0.018301784992218018 0.0130833201110363
0.34120655059814453 0.7405855655670166 0.03467068076133728 0.026868879795074463 0.013023150153458118
0.3174862563610077 0.7419450283050537 0.02800750732421875 0.020804226398468018 0.012805290520191193
0.16504786908626556 0.7228530645370483 0.037041664123535156 0.048616230487823486 0.012227739207446575
0.37492090463638306 0.19133803248405457 0.04453927278518677 0.0394660085439682 0.012175141833722591
0.23486080765724182 0.6670785546302795 0.033816054463386536 0.03052365779876709 0.011737756431102753
0.36595451831817627 0.6787130832672119 0.03442057967185974 0.03220367431640625 0.01156198512762785
0.3866786062717438 0.7965342998504639 0.018975436687469482 0.01857811212539673 0.011405342258512974
0.20408302545547485 0.6777013540267944 0.04706759750843048 0.0418664813041687 0.011316805146634579
0.12558570504188538 0.6705658435821533 0.06021437048912048 0.0567096471786499 0.011305883526802063
0.2400294840335846 0.6708141565322876 0.035543158650398254 0.03323870897293091 0.011296277865767479
0.2755833864212036 0.38605454564094543 0.024289339780807495 0.021419763565063477 0.011230922304093838
0.3438469171524048 0.654041588306427 0.042486757040023804 0.05017244815826416 0.011170575395226479
0.07373080402612686 0.6438111066818237 0.04429140314459801 0.04343682527542114 0.011001438833773136
0.5870381593704224 0.6003376841545105 0.03716236352920532 0.03312969207763672 0.010929149575531483
0.19167104363441467 0.8314974904060364 0.02433086931705475 0.02876448631286621 0.010618292726576328
0.23192694783210754 0.7134761214256287 0.034254029393196106 0.026378154754638672 0.010504627600312233
0.38119572401046753 0.6633951663970947 0.034980982542037964 0.03739815950393677 0.010296957567334175
0.18745577335357666 0.6879382133483887 0.05428127944469452 0.04574775695800781 0.010290326550602913
0.3352527618408203 0.6568582653999329 0.053628742694854736 0.05405843257904053 0.01011411938816309
0.2439413070678711 0.6822623610496521 0.04190073907375336 0.0385584831237793 0.009288412518799305
0.17681105434894562 0.7168114185333252 0.03984302282333374 0.045441627502441406 0.009114067070186138
0.23582583665847778 0.6978675127029419 0.03916245698928833 0.03640401363372803 0.008746054023504257
0.7521347999572754 0.7906001806259155 0.04267483949661255 0.04113537073135376 0.008532817475497723
0.19478356838226318 0.8467152118682861 0.018579483032226562 0.015930593013763428 0.008464562706649303
0.4092680513858795 0.6932862997055054 0.03114861249923706 0.03450256586074829 0.008363798260688782
0.13342347741127014 0.6389927864074707 0.03962577134370804 0.03303849697113037 0.008287474513053894
0.37324169278144836 0.6813876032829285 0.03948819637298584 0.03494739532470703 0.008281472139060497
0.3868141174316406 0.30205297470092773 0.036985427141189575 0.027867794036865234 0.008201434276998043
0.12328492105007172 0.555458664894104 0.035217784345149994 0.028833329677581787 0.008055198937654495
0.5870952606201172 0.6164284944534302 0.02764415740966797 0.016159236431121826 0.007961075752973557
0.12521058320999146 0.6483429074287415 0.05330964922904968 0.04285597801208496 0.007871294394135475
0.31624835729599 0.7410242557525635 0.032264143228530884 0.026199519634246826 0.00774276303127408
0.49800997972488403 0.4797528386116028 0.013517975807189941 0.013650715351104736 0.007710240315645933
0.3820672333240509 0.3002595603466034 0.03262948989868164 0.025397300720214844 0.007628170307725668
0.16994325816631317 0.704114556312561 0.04024648666381836 0.031222999095916748 0.007441177498549223
0.3180772066116333 0.8572891354560852 0.04003533720970154 0.03216516971588135 0.007420329377055168
0.44537270069122314 0.6925362348556519 0.028505712747573853 0.035261452198028564 0.007197153754532337
0.22799138724803925 0.8228530883789062 0.036101341247558594 0.03556215763092041 0.007130473852157593
0.313412070274353 0.859024167060852 0.04594340920448303 0.03743189573287964 0.0070711905136704445
0.3409494459629059 0.7779061794281006 0.03556948900222778 0.03493392467498779 0.007033288478851318
0.35323095321655273 0.7325985431671143 0.03148871660232544 0.031449854373931885 0.0069795651361346245
0.5201805233955383 0.6094368100166321 0.02215278148651123 0.019440412521362305 0.006975666154175997
0.5203238725662231 0.7678265571594238 0.028379082679748535 0.026544630527496338 0.006877569947391748
0.583133339881897 0.9071577191352844 0.02497154474258423 0.023357748985290527 0.00685149896889925
0.3172451853752136 0.7411742210388184 0.025151103734970093 0.02635878324508667 0.006782677490264177
0.2251076102256775 0.8246992230415344 0.040843620896339417 0.03413271903991699 0.006729369983077049
0.15332379937171936 0.7948541641235352 0.027317091822624207 0.026237189769744873 0.0066821095533668995
0.3646407723426819 0.7277932167053223 0.02929830551147461 0.030153870582580566 0.006572525482624769
0.24948744475841522 0.6867763996124268 0.038254350423812866 0.03541845083236694 0.0063988748006522655
0.29733186960220337 0.7163019180297852 0.04851636290550232 0.042536377906799316 0.006301261484622955
0.08732254803180695 0.5047924518585205 0.022326834499835968 0.02046191692352295 0.006074089556932449
0.1998814046382904 0.721337080001831 0.0475136935710907 0.03641539812088013 0.005959576927125454
0.16318507492542267 0.6778486371040344 0.040908634662628174 0.046286582946777344 0.005854638293385506
0.1541714072227478 0.8934519290924072 0.024681612849235535 0.02135545015335083 0.005822719540446997
0.23480448126792908 0.7623668313026428 0.029511556029319763 0.02826058864593506 0.005704384297132492
0.3955088257789612 0.6410786509513855 0.02773505449295044 0.025555133819580078 0.005684731528162956
0.3123401701450348 0.8591105341911316 0.04536980390548706 0.03975105285644531 0.005603225436061621
0.2906486988067627 0.7141796350479126 0.04124435782432556 0.04116266965866089 0.005584515165537596
0.31371355056762695 0.7148863077163696 0.029099076986312866 0.030063986778259277 0.005471214652061462
0.006244517397135496 0.663770318031311 0.012489034794270992 0.030219078063964844 0.005336678121238947
0.31120195984840393 0.34129470586776733 0.018823623657226562 0.0167219340801239 0.005247035995125771
0.18603935837745667 0.7294384241104126 0.05188198387622833 0.047428667545318604 0.005096611101180315
0.23570659756660461 0.7620285153388977 0.03157840669155121 0.026490449905395508 0.004982179496437311
0.12994733452796936 0.6051961183547974 0.019742585718631744 0.018209636211395264 0.004973866045475006
0.2555413246154785 0.8818596005439758 0.03963083028793335 0.033904314041137695 0.004723134450614452
0.47491151094436646 0.8941329717636108 0.016499698162078857 0.01688617467880249 0.004689116030931473
0.23518505692481995 0.8930264711380005 0.0372314453125 0.024892210960388184 0.004618399776518345
0.32285797595977783 0.6778140068054199 0.036697953939437866 0.02858126163482666 0.0046114628203213215
0.09369432926177979 0.6407902836799622 0.04818098247051239 0.056035757064819336 0.004582560621201992
0.1377813220024109 0.6360591650009155 0.03239165246486664 0.03042834997177124 0.0044953483156859875
0.3028297424316406 0.7106754779815674 0.041514694690704346 0.03253883123397827 0.004493097774684429
0.4736417829990387 0.8960332274436951 0.015595436096191406 0.01601886749267578 0.004436194431036711
0.24895930290222168 0.8862242102622986 0.044223710894584656 0.030858993530273438 0.004375259857624769
0.053044393658638 0.7009900212287903 0.04877157509326935 0.04288172721862793 0.004353752359747887
0.5344260931015015 0.4170306324958801 0.03396052122116089 0.029844462871551514 0.004107383545488119
0.4649633467197418 0.7430332899093628 0.01811659336090088 0.01986396312713623 0.00410695793107152
0.16332297027111053 0.6980257034301758 0.03776073455810547 0.03885459899902344 0.004066679161041975
0.12617363035678864 0.6335436701774597 0.052343420684337616 0.036370277404785156 0.004043642431497574
0.14975497126579285 0.7407065629959106 0.03159813582897186 0.02934664487838745 0.0040239072404801846
0.13445255160331726 0.6250892877578735 0.038121722638607025 0.04420030117034912 0.003975831437855959
0.3772552013397217 0.3016940653324127 0.030377298593521118 0.02547091245651245 0.0039129480719566345
0.09500056505203247 0.6542826890945435 0.04706986993551254 0.03468209505081177 0.0038764220662415028
0.1982727348804474 0.745141863822937 0.04174041748046875 0.045638859272003174 0.0037707961164414883
0.47016945481300354 0.9225217700004578 0.027660667896270752 0.024328231811523438 0.0037372305523604155
0.008201420307159424 0.6638247966766357 0.016402840614318848 0.032835185527801514 0.0036999299190938473
0.15890377759933472 0.6684634685516357 0.04764847457408905 0.045252978801727295 0.0036313566379249096
0.11919951438903809 0.5589138269424438 0.03689798712730408 0.03482353687286377 0.003537949873134494
0.1922156661748886 0.8420169949531555 0.02781987190246582 0.027846574783325195 0.003531502094119787
0.5770328044891357 0.9040672779083252 0.023993492126464844 0.024562418460845947 0.0034836626145988703
0.19318678975105286 0.739113450050354 0.04422922432422638 0.05173128843307495 0.0034657202195376158
0.27418339252471924 0.3857567310333252 0.029353827238082886 0.02696630358695984 0.003414873266592622
0.36478763818740845 0.6646050810813904 0.05503043532371521 0.050089359283447266 0.0033313357271254063
0.16055235266685486 0.715449333190918 0.04442490637302399 0.04157674312591553 0.003121468238532543
0.2813318967819214 0.38486185669898987 0.03528144955635071 0.026970505714416504 0.003061713417991996
0.418232798576355 0.7779596447944641 0.02147701382637024 0.02618253231048584 0.002998013747856021
0.3955813944339752 0.30458495020866394 0.032301127910614014 0.026842594146728516 0.0029920449014753103
0.385345995426178 0.7960716485977173 0.02439337968826294 0.024590671062469482 0.002991265384480357
0.5546138882637024 0.28877130150794983 0.025243759155273438 0.023639678955078125 0.0029783693607896566
0.31685972213745117 0.7929778099060059 0.02352246642112732 0.020638108253479004 0.0029655597172677517
0.33131927251815796 0.784145712852478 0.04600650072097778 0.033273279666900635 0.0028542447835206985
0.21700651943683624 0.5194112062454224 0.026876062154769897 0.021324515342712402 0.002828247146680951
0.20114940404891968 0.7357398271560669 0.04485364258289337 0.04253518581390381 0.002813950413838029
0.05687551572918892 0.764977216720581 0.023598112165927887 0.021141231060028076 0.0028136668261140585
0.398827463388443 0.6951617002487183 0.035196781158447266 0.03892791271209717 0.002812465885654092
0.19820883870124817 0.48361751437187195 0.038962408900260925 0.03305906057357788 0.0027982713654637337
0.20147109031677246 0.732011079788208 0.04076199233531952 0.03905552625656128 0.002778175752609968
0.3874238133430481 0.6330499053001404 0.027440935373306274 0.025763988494873047 0.002733372850343585
0.2501566708087921 0.6705827713012695 0.04116787016391754 0.03566896915435791 0.002705689985305071
0.3338736593723297 0.660758376121521 0.06074434518814087 0.039722323417663574 0.00270547135733068
0.49944373965263367 0.4794260561466217 0.017437398433685303 0.015763938426971436 0.0027037491090595722
0.3286597728729248 0.41619598865509033 0.014710187911987305 0.014504998922348022 0.0026149635668843985
0.3402140140533447 0.642405092716217 0.056637853384017944 0.04700160026550293 0.0025724691804498434
0.31789931654930115 0.9297031164169312 0.039507150650024414 0.03674083948135376 0.0025645175483077765
0.5166780948638916 0.6104170083999634 0.027331173419952393 0.0251043438911438 0.00250948965549469
0.23720407485961914 0.7556824684143066 0.03439818322658539 0.03355062007904053 0.002489873208105564
0.19724389910697937 0.8418508768081665 0.024098053574562073 0.02410888671875 0.002478079404681921
0.3068043887615204 0.6966350078582764 0.037934303283691406 0.03229188919067383 0.002465113066136837
0.42056530714035034 0.7729409337043762 0.016919702291488647 0.01715254783630371 0.0024503234308212996
0.19387954473495483 0.8474029302597046 0.02206917107105255 0.021557271480560303 0.0024144321214407682
0.10535953938961029 0.6978271007537842 0.05114863067865372 0.043555259704589844 0.002400637837126851
0.5169916152954102 0.6103515028953552 0.028264939785003662 0.025510311126708984 0.0023702653124928474
0.24973610043525696 0.6798208951950073 0.03935009241104126 0.0377536416053772 0.002340080216526985
0.3110501170158386 0.6665034294128418 0.037675291299819946 0.03141915798187256 0.002331858966499567
0.5298575162887573 0.42948901653289795 0.0270044207572937 0.024408429861068726 0.002321594627574086
0.09539753198623657 0.7062500715255737 0.028410516679286957 0.024299204349517822 0.0023007800336927176
0.3139539957046509 0.7928953766822815 0.02744150161743164 0.02494359016418457 0.002279066015034914
0.2629384398460388 0.6314923763275146 0.04784384369850159 0.037298619747161865 0.002268825192004442
0.3843159079551697 0.8032076954841614 0.024154871702194214 0.029008150100708008 0.0022508222609758377
0.2985331416130066 0.5724184513092041 0.025384992361068726 0.021481096744537354 0.002241940936073661
0.1382145881652832 0.6323279142379761 0.03933139890432358 0.0385172963142395 0.0022032693959772587
0.055327706038951874 0.7642093896865845 0.030130084604024887 0.02690047025680542 0.002184593817219138
0.2975054979324341 0.6657084226608276 0.019654422998428345 0.017802059650421143 0.0021835388615727425
0.1439879834651947 0.744575023651123 0.03756420314311981 0.03582268953323364 0.0021762577816843987
0.010734103620052338 0.6629738211631775 0.02143966779112816 0.03630638122558594 0.0021666348911821842
0.19821126759052277 0.4808415472507477 0.0398370623588562 0.03208845853805542 0.0020906843710690737
0.3204730153083801 0.8667281270027161 0.04641985893249512 0.04798579216003418 0.0020613924134522676
0.2703515291213989 0.6343857049942017 0.04470553994178772 0.03710973262786865 0.002036200137808919
0.493575781583786 0.9330211877822876 0.03654521703720093 0.032862067222595215 0.00201263464987278
0.35668936371803284 0.7510828971862793 0.03832358121871948 0.024761974811553955 0.0020045910496264696
0.5339193344116211 0.786827564239502 0.018097877502441406 0.01642388105392456 0.001973369624465704
0.3823586106300354 0.6226508617401123 0.024181753396987915 0.020467936992645264 0.0019617483485490084
0.3219170570373535 0.7262996435165405 0.03334704041481018 0.0391201376914978 0.0019556027837097645
0.3494500517845154 0.6425181031227112 0.04962316155433655 0.05048966407775879 0.0019484431250020862
0.4829091727733612 0.9295400381088257 0.03975099325180054 0.037069499492645264 0.0019022631458938122
0.3474472463130951 0.7446416020393372 0.035481929779052734 0.0335540771484375 0.0018840341363102198
0.3998688757419586 0.6283196806907654 0.029364705085754395 0.02705669403076172 0.001869497587904334
0.3343675136566162 0.7789629697799683 0.04456177353858948 0.034177958965301514 0.0018389198230579495
0.4624798893928528 0.9225651025772095 0.018894195556640625 0.021264076232910156 0.0018304826226085424
0.41443750262260437 0.7923953533172607 0.018362998962402344 0.01879936456680298 0.0018214971059933305
0.3163301944732666 0.791179895401001 0.03133353590965271 0.028695523738861084 0.0017845816910266876
0.1655280441045761 0.6710069179534912 0.03904080390930176 0.03733032941818237 0.001762774889357388
0.16088786721229553 0.949901819229126 0.027888044714927673 0.02869969606399536 0.0017264385242015123
0.3526759147644043 0.7857165336608887 0.03511801362037659 0.03167468309402466 0.0017250478267669678
0.3710048794746399 0.7103490829467773 0.0267602801322937 0.024422824382781982 0.0017222014721482992
0.10504654049873352 0.6243211030960083 0.040849871933460236 0.038395702838897705 0.001684537623077631
0.3001076579093933 0.6826622486114502 0.05055168271064758 0.030079364776611328 0.0016820398159325123
0.3714849650859833 0.996056079864502 0.028188228607177734 0.007887840270996094 0.0016776425763964653
0.3120330572128296 0.7872412800788879 0.029857099056243896 0.03098893165588379 0.0016657431842759252
0.3109021782875061 0.3408954441547394 0.023604094982147217 0.0228765606880188 0.0016583644319325686
0.3433871567249298 0.6742118000984192 0.040558040142059326 0.04096543788909912 0.001656048814766109
