x y width height conf
0.3522605895996094 0.8329958915710449 0.028663545846939087 0.026132583618164062 0.4269096851348877
0.3680245876312256 0.8812382221221924 0.01938381791114807 0.018675267696380615 0.3815290331840515
0.36375880241394043 0.924465000629425 0.025114238262176514 0.023548483848571777 0.365740031003952
0.5513695478439331 0.6895536184310913 0.01642829179763794 0.016111552715301514 0.3420620560646057
0.3751721680164337 0.9605590105056763 0.02200007438659668 0.020242512226104736 0.341988742351532
0.18689356744289398 0.8071001172065735 0.02079916000366211 0.02212393283843994 0.3096590042114258
0.5266860723495483 0.3019947111606598 0.035070717334747314 0.032305121421813965 0.30937469005584717
0.31728652119636536 0.7802361249923706 0.02578812837600708 0.024540245532989502 0.30910739302635193
0.3170520067214966 0.7802166938781738 0.032182514667510986 0.029244065284729004 0.3032296597957611
0.3244250416755676 0.4977879524230957 0.025485694408416748 0.023863643407821655 0.2872219979763031
0.27386897802352905 0.8449375033378601 0.01878291368484497 0.018024444580078125 0.28155314922332764
0.2061222344636917 0.7192304730415344 0.024393141269683838 0.023543596267700195 0.27684497833251953
0.5034748315811157 0.25859227776527405 0.03509882092475891 0.02892404794692993 0.272063285112381
0.3777453899383545 0.8124502897262573 0.023082584142684937 0.02069169282913208 0.2380089908838272
0.5512058734893799 0.6896085739135742 0.020129263401031494 0.019021689891815186 0.23569321632385254
0.2906534969806671 0.5492530465126038 0.018553614616394043 0.018505334854125977 0.22629067301750183
0.4186249375343323 0.9343881607055664 0.03907662630081177 0.038143932819366455 0.22171644866466522
0.20857247710227966 0.75501549243927 0.02326241135597229 0.021420836448669434 0.2036065310239792
0.17409735918045044 0.7088112235069275 0.030687257647514343 0.032135009765625 0.20093968510627747
0.43698254227638245 0.7885932922363281 0.04029500484466553 0.03138577938079834 0.1934073120355606
0.32965749502182007 0.8575664758682251 0.02226760983467102 0.020596683025360107 0.18208155035972595
0.4512541890144348 0.32993099093437195 0.027807533740997314 0.021991729736328125 0.1776883453130722
0.4373459815979004 0.7883546352386475 0.04235592484474182 0.03244441747665405 0.15780268609523773
0.5177665948867798 0.6629320383071899 0.019939422607421875 0.018976569175720215 0.14030201733112335
0.35287201404571533 0.8318961262702942 0.037435442209243774 0.03178083896636963 0.1397404670715332
0.3662545084953308 0.8818037509918213 0.024796277284622192 0.02328282594680786 0.12930810451507568
0.17317301034927368 0.730962336063385 0.02867354452610016 0.02556443214416504 0.11833156645298004
0.41998958587646484 0.640334963798523 0.024336636066436768 0.022754371166229248 0.11832543462514877
0.43777620792388916 0.7881287336349487 0.047169893980026245 0.03738647699356079 0.11740273982286453
0.18729174137115479 0.8077186942100525 0.024363413453102112 0.027147293090820312 0.11610493808984756
0.20696058869361877 0.7207863926887512 0.02815684676170349 0.027367830276489258 0.1146942600607872
0.6136654615402222 0.3453085422515869 0.027646243572235107 0.022747695446014404 0.11358664184808731
0.36311447620391846 0.9252064228057861 0.03227636218070984 0.029156506061553955 0.11056461185216904
0.38559389114379883 0.8818482756614685 0.016926199197769165 0.020055770874023438 0.10997454822063446
0.3287021815776825 0.8591957092285156 0.026375293731689453 0.02553713321685791 0.10985829681158066
0.3741474747657776 0.9601104855537415 0.027861207723617554 0.02624356746673584 0.10841215401887894
0.5041752457618713 0.6213126182556152 0.024975895881652832 0.02273637056350708 0.10203509777784348
0.38702309131622314 0.8830105066299438 0.021807730197906494 0.023537814617156982 0.10192181169986725
0.27699774503707886 0.5358520746231079 0.023115724325180054 0.021286189556121826 0.10156656056642532
0.14860470592975616 0.7853441834449768 0.01631408929824829 0.016523241996765137 0.09788171947002411
0.2829568386077881 0.5422269701957703 0.026789754629135132 0.025983333587646484 0.08929110318422318
0.45126524567604065 0.32998543977737427 0.03276216983795166 0.02684640884399414 0.08621187508106232
0.2742427587509155 0.846027672290802 0.02552095055580139 0.024602651596069336 0.08463534712791443
0.28950023651123047 0.5486555099487305 0.025579631328582764 0.023770630359649658 0.08436249196529388
0.504599928855896 0.6215798854827881 0.020046889781951904 0.019378483295440674 0.08092901110649109
0.3244696259498596 0.41138139367103577 0.030501216650009155 0.027703464031219482 0.07670960575342178
0.28076106309890747 0.5410342216491699 0.033528804779052734 0.033024609088897705 0.07582134753465652
0.3244510293006897 0.49906331300735474 0.032728761434555054 0.0283796489238739 0.07199784368276596
0.43671858310699463 0.29906266927719116 0.029292970895767212 0.024818509817123413 0.06711991131305695
0.27789342403411865 0.5385417938232422 0.029448360204696655 0.029867112636566162 0.0661664679646492
0.5870070457458496 0.3612974286079407 0.027352631092071533 0.025395184755325317 0.0658106878399849
0.38799405097961426 0.8846839666366577 0.031093299388885498 0.028361856937408447 0.062199730426073074
0.42901331186294556 0.9374648928642273 0.034737586975097656 0.030025482177734375 0.06064443662762642
0.5619471669197083 0.637026309967041 0.01637899875640869 0.015912652015686035 0.05770974978804588
0.4753994941711426 0.22869761288166046 0.025223344564437866 0.020408570766448975 0.05678804963827133
0.3209080100059509 0.9137939214706421 0.02058282494544983 0.01890486478805542 0.05627482384443283
0.38324010372161865 0.8835639953613281 0.030329138040542603 0.027090072631835938 0.055495984852313995
0.17206496000289917 0.7088157534599304 0.03970491886138916 0.0360565185546875 0.05477938428521156
0.17288616299629211 0.7086700201034546 0.03393621742725372 0.03405362367630005 0.0540035143494606
0.2087806761264801 0.7541730403900146 0.027699142694473267 0.026702880859375 0.053374722599983215
0.2379288673400879 0.5144447088241577 0.017282485961914062 0.016598284244537354 0.05167718976736069
0.7429453134536743 0.6497455835342407 0.021255135536193848 0.021617114543914795 0.05111882835626602
0.20941101014614105 0.7548025846481323 0.02915191650390625 0.027483344078063965 0.04926542192697525
0.23635506629943848 0.48778247833251953 0.016050726175308228 0.014580726623535156 0.04786965996026993
0.3840993046760559 0.6236954927444458 0.018006473779678345 0.01630115509033203 0.04534510523080826
0.4896034598350525 0.33790868520736694 0.02757778763771057 0.022931307554244995 0.042572133243083954
0.2075127810239792 0.7184335589408875 0.030004501342773438 0.029687881469726562 0.04233582317829132
0.38906970620155334 0.8133253455162048 0.04677379131317139 0.027147293090820312 0.04202638566493988
0.15052086114883423 0.7609152793884277 0.018942400813102722 0.017564773559570312 0.040826477110385895
0.13373839855194092 0.9001907110214233 0.022248677909374237 0.02349644899368286 0.038447801023721695
0.5167379975318909 0.6619322299957275 0.0265195369720459 0.02343040704727173 0.038289617747068405
0.5115426778793335 0.19467933475971222 0.021352946758270264 0.020874589681625366 0.0382046177983284
0.31787973642349243 0.7805523872375488 0.04681205749511719 0.03867912292480469 0.03797417879104614
0.3840591013431549 0.6241235733032227 0.021696865558624268 0.0196874737739563 0.03797095641493797
0.7267880439758301 0.7728021740913391 0.012230098247528076 0.012432456016540527 0.03710770606994629
0.5245391130447388 0.3030218482017517 0.043686866760253906 0.0377441942691803 0.036263059824705124
0.3471628725528717 0.9570568799972534 0.02186596393585205 0.01931685209274292 0.03556797653436661
0.14642930030822754 0.7887861728668213 0.015461400151252747 0.01674121618270874 0.034892767667770386
0.5006868243217468 0.25886619091033936 0.045866578817367554 0.034038007259368896 0.0332433246076107
0.13799935579299927 0.9009577035903931 0.01631145179271698 0.019866943359375 0.03112037107348442
0.5097025632858276 0.3132867217063904 0.01939976215362549 0.020471155643463135 0.030894052237272263
0.22213566303253174 0.634782075881958 0.020705223083496094 0.01913696527481079 0.02907440811395645
0.5620301961898804 0.6369346380233765 0.01951533555984497 0.01921612024307251 0.02840069681406021
0.2749231457710266 0.5380141735076904 0.033392518758773804 0.032893478870391846 0.027529634535312653
0.41881299018859863 0.6393005847930908 0.031187623739242554 0.02650165557861328 0.027302423492074013
0.17052291333675385 0.7366256713867188 0.02608191967010498 0.021982848644256592 0.027130628004670143
0.37629592418670654 0.8819770812988281 0.040318578481674194 0.029305636882781982 0.02677810564637184
0.23413807153701782 0.6020686030387878 0.01966322958469391 0.017955780029296875 0.02578512579202652
0.27585580945014954 0.8785995244979858 0.03209531307220459 0.02823561429977417 0.02513946406543255
0.7310843467712402 0.6257898807525635 0.01576787233352661 0.014867007732391357 0.024435272440314293
0.4753870964050293 0.22887858748435974 0.030637741088867188 0.024027720093727112 0.024388553574681282
0.3959640562534332 0.8141763806343079 0.032715797424316406 0.025881171226501465 0.02437843382358551
0.5518603324890137 0.6906120181083679 0.024869441986083984 0.02378368377685547 0.0240518506616354
0.4384637773036957 0.7862910032272339 0.04910469055175781 0.04034000635147095 0.023970376700162888
0.36244094371795654 0.7209310531616211 0.021432191133499146 0.0194244384765625 0.023859526962041855
0.4184403419494629 0.6396544575691223 0.03045254945755005 0.02605128288269043 0.023779653012752533
0.32143068313598633 0.9138101935386658 0.025816351175308228 0.0233612060546875 0.023747218772768974
0.24187010526657104 0.9866603016853333 0.014988318085670471 0.013559103012084961 0.0233102198690176
0.3973296880722046 0.8868767023086548 0.030254602432250977 0.026104331016540527 0.023047953844070435
0.29161155223846436 0.5493829846382141 0.033605366945266724 0.02789461612701416 0.022288160398602486
0.5121148228645325 0.19611217081546783 0.029543519020080566 0.02770078182220459 0.02187512442469597
0.34663498401641846 0.49391794204711914 0.018956273794174194 0.021718591451644897 0.02050890028476715
0.6340717077255249 0.4316664934158325 0.02088719606399536 0.021835535764694214 0.019645726308226585
0.7416298389434814 0.6491693258285522 0.0265924334526062 0.025935709476470947 0.019523415714502335
0.2414374053478241 0.9869828224182129 0.017915919423103333 0.017863869667053223 0.018858134746551514
0.48943787813186646 0.6570225358009338 0.01723727583885193 0.016945600509643555 0.018415609374642372
0.14804348349571228 0.7861964702606201 0.02126200497150421 0.02158874273300171 0.018019508570432663
0.14586743712425232 0.5975795984268188 0.018368348479270935 0.01970672607421875 0.017872285097837448
0.35435548424720764 0.9953000545501709 0.02183973789215088 0.009399950504302979 0.017358526587486267
0.06343479454517365 0.9869662523269653 0.010657146573066711 0.010141372680664062 0.017350608482956886
0.2038879245519638 0.7162731885910034 0.029409408569335938 0.035355567932128906 0.017333349213004112
0.31967073678970337 0.9947206974029541 0.026801317930221558 0.010558605194091797 0.0171662550419569
0.32733893394470215 0.8598741292953491 0.03435629606246948 0.030331075191497803 0.01634536311030388
0.7263038158416748 0.7728544473648071 0.017009198665618896 0.01691192388534546 0.015667621046304703
0.22605808079242706 0.6343007683753967 0.02399545907974243 0.019601821899414062 0.01562991738319397
0.5278351306915283 0.30259302258491516 0.04263836145401001 0.03881561756134033 0.015266510657966137
0.14691324532032013 0.5985407829284668 0.023749828338623047 0.024037957191467285 0.014752990566194057
0.31718865036964417 0.9934564828872681 0.03181809186935425 0.012630462646484375 0.014476022683084011
0.4092007279396057 0.8510620594024658 0.019613564014434814 0.01925581693649292 0.014318308793008327
0.2715175151824951 0.5375034809112549 0.03853529691696167 0.034420013427734375 0.014241584576666355
0.216609388589859 0.5491865873336792 0.016855329275131226 0.01603877544403076 0.014043839648365974
0.24938344955444336 0.7435804605484009 0.021501541137695312 0.021172702312469482 0.013919300399720669
0.14624375104904175 0.597259521484375 0.023658543825149536 0.025232911109924316 0.0133315809071064
0.3235061764717102 0.9918113946914673 0.033314049243927 0.015433132648468018 0.013293830677866936
0.4351780414581299 0.29898226261138916 0.033212095499038696 0.026959478855133057 0.0131320059299469
0.28259962797164917 0.5420572757720947 0.03990611433982849 0.040359675884246826 0.01277465745806694
0.40310922265052795 0.8150449991226196 0.024269402027130127 0.022948086261749268 0.012617575004696846
0.43724194169044495 0.3028755187988281 0.037895798683166504 0.030676931142807007 0.012493576854467392
0.12316367775201797 0.8966132998466492 0.03173799812793732 0.03433990478515625 0.012020827271044254
0.45433568954467773 0.33218294382095337 0.040840715169906616 0.031565189361572266 0.011282242834568024
0.4236084818840027 0.6405758857727051 0.033411234617233276 0.028661906719207764 0.011215068399906158
0.2748756408691406 0.9179611206054688 0.024137228727340698 0.020208358764648438 0.010903294198215008
0.29263120889663696 0.8204700946807861 0.023733437061309814 0.02217632532119751 0.010637405328452587
0.32268601655960083 0.41104087233543396 0.03845509886741638 0.03165477514266968 0.010469482280313969
0.4734114408493042 0.28972065448760986 0.02305343747138977 0.02058282494544983 0.010367588140070438
0.3039453625679016 0.6228437423706055 0.01700928807258606 0.01594001054763794 0.009767664596438408
0.45472797751426697 0.9957926273345947 0.020865440368652344 0.008414804935455322 0.009722955524921417
0.5142124891281128 0.7675372362136841 0.014173686504364014 0.013520419597625732 0.00968187302350998
0.381769597530365 0.6233510971069336 0.029272645711898804 0.02488839626312256 0.009652715176343918
0.48687899112701416 0.24749687314033508 0.04443800449371338 0.03376545011997223 0.009613705798983574
0.6127703189849854 0.343936562538147 0.03430229425430298 0.02840748429298401 0.009470313787460327
0.26933208107948303 0.537175178527832 0.03622204065322876 0.03244149684906006 0.009442656300961971
0.289316326379776 0.8755363821983337 0.023920178413391113 0.022157669067382812 0.00931093655526638
0.33971548080444336 0.8507655262947083 0.04038771986961365 0.033206939697265625 0.009261850267648697
0.23790287971496582 0.7598557472229004 0.019128650426864624 0.017348647117614746 0.009232772514224052
0.22460618615150452 0.6351875066757202 0.029067322611808777 0.024806082248687744 0.00912473164498806
0.3472028374671936 0.8308813571929932 0.039847880601882935 0.034353792667388916 0.009096445515751839
0.3901342749595642 0.7889823913574219 0.03979799151420593 0.03211003541946411 0.0090406509116292
0.5372446179389954 0.6189714074134827 0.016320228576660156 0.015512228012084961 0.008736414834856987
0.16640952229499817 0.7312278747558594 0.03811517357826233 0.022680938243865967 0.008259222842752934
0.3941749930381775 0.7862856388092041 0.028913259506225586 0.026051104068756104 0.008120348677039146
0.6355446577072144 0.43303382396698 0.026193439960479736 0.027640730142593384 0.008088131435215473
0.2760447859764099 0.5345566868782043 0.04004406929016113 0.03581404685974121 0.008061530068516731
0.49053531885147095 0.6567066311836243 0.022228151559829712 0.02097475528717041 0.007880128920078278
0.5289449691772461 0.2989632487297058 0.04547244310379028 0.043047815561294556 0.007878625765442848
0.25257760286331177 0.7438558340072632 0.02718295156955719 0.0270574688911438 0.007787246257066727
0.14759957790374756 0.7902553081512451 0.02334865927696228 0.02057856321334839 0.00776442838832736
0.12921297550201416 0.9001662731170654 0.025633476674556732 0.027382075786590576 0.007724744733422995
0.4451207220554352 0.8443563580513 0.020718753337860107 0.018592119216918945 0.007723779417574406
0.2760084569454193 0.8416321277618408 0.030423641204833984 0.031344592571258545 0.007640955504029989
0.3623567521572113 0.7218643426895142 0.025946617126464844 0.024329006671905518 0.007559876888990402
0.615400493144989 0.6686632633209229 0.018310546875 0.01716679334640503 0.007498520892113447
0.2764415144920349 0.9186919927597046 0.029808223247528076 0.02545982599258423 0.007407444063574076
0.319877952337265 0.9924867153167725 0.028876066207885742 0.015026569366455078 0.007302884943783283
0.5057796239852905 0.621766209602356 0.030803292989730835 0.02748662233352661 0.007284579798579216
0.1820547878742218 0.807065486907959 0.03407779335975647 0.02905064821243286 0.007141226436942816
0.23308467864990234 0.6023367047309875 0.02633170783519745 0.024584531784057617 0.006739011965692043
0.42176553606987 0.6419719457626343 0.03216266632080078 0.032522737979888916 0.006499744951725006
0.1474352777004242 0.8245477676391602 0.015316680073738098 0.015848159790039062 0.006383982487022877
0.5842216610908508 0.36045041680336 0.03794825077056885 0.03186178207397461 0.006226932164281607
0.4758104383945465 0.23227131366729736 0.035108208656311035 0.031119585037231445 0.006219135131686926
0.40978750586509705 0.8517112731933594 0.023833751678466797 0.024538040161132812 0.006040320731699467
0.6117098331451416 0.3491373658180237 0.038728177547454834 0.0388452410697937 0.006019779946655035
0.5138649940490723 0.7670397758483887 0.01888829469680786 0.016629576683044434 0.005940466653555632
0.17673063278198242 0.8007385730743408 0.024394899606704712 0.030351102352142334 0.005669499281793833
0.36292606592178345 0.9600727558135986 0.04103001952171326 0.027000844478607178 0.005593531299382448
0.3932088613510132 0.29540330171585083 0.03676214814186096 0.029111236333847046 0.0055451057851314545
0.37922850251197815 0.961834728717804 0.0329289436340332 0.02506709098815918 0.0054051997140049934
0.4443371295928955 0.31995993852615356 0.041708290576934814 0.029278039932250977 0.0053386022336781025
0.35147368907928467 0.25309449434280396 0.030560702085494995 0.026470080018043518 0.005297123920172453
0.24288992583751678 0.7527241110801697 0.024354785680770874 0.022927284240722656 0.005193889606744051
0.3333756923675537 0.8847534656524658 0.024262726306915283 0.020751535892486572 0.005163094960153103
0.6062161326408386 0.3524560332298279 0.04358673095703125 0.03412097692489624 0.005044660065323114
0.4525311589241028 0.9951902627944946 0.02702254056930542 0.009619414806365967 0.005009390413761139
0.3886027932167053 0.7973153591156006 0.04170149564743042 0.03907889127731323 0.004952375777065754
0.3941578269004822 0.7861547470092773 0.028941839933395386 0.030703186988830566 0.0049074264243245125
0.17886480689048767 0.7274736166000366 0.02518881857395172 0.024634182453155518 0.004816293716430664
0.3511534333229065 0.49271976947784424 0.015655338764190674 0.016776829957962036 0.004672969691455364
0.42698776721954346 0.9211077690124512 0.042563050985336304 0.035192668437957764 0.004631012678146362
0.32346224784851074 0.9893158674240112 0.03877130150794983 0.021368205547332764 0.004566077142953873
0.24913136661052704 0.7415170669555664 0.02767881751060486 0.02654266357421875 0.004562441259622574
0.3036412000656128 0.6234577298164368 0.022014528512954712 0.021425962448120117 0.004514731932431459
0.2930282950401306 0.8224083185195923 0.026805490255355835 0.024478912353515625 0.004489912185817957
0.23131051659584045 0.7316960096359253 0.014468282461166382 0.013804614543914795 0.004151056054979563
0.3485492467880249 0.9940083026885986 0.029822438955307007 0.01198345422744751 0.004073645453900099
0.40232521295547485 0.8888847827911377 0.028626739978790283 0.026171863079071045 0.00403043907135725
0.26793378591537476 0.8432502746582031 0.03218388557434082 0.029411494731903076 0.0038658673875033855
0.3242350220680237 0.501666247844696 0.038366466760635376 0.039833635091781616 0.0038345525972545147
0.14669787883758545 0.668327808380127 0.014865294098854065 0.01525115966796875 0.0038261301815509796
0.4040025472640991 0.8132263422012329 0.026453882455825806 0.028001010417938232 0.003628931473940611
0.49486324191093445 0.6768244504928589 0.014720261096954346 0.013812839984893799 0.0035582021810114384
0.38885512948036194 0.6709765195846558 0.026964545249938965 0.024474918842315674 0.0035128851886838675
0.5551913380622864 0.35261958837509155 0.023836135864257812 0.023375242948532104 0.0034856514539569616
0.4196341931819916 0.918684720993042 0.04077959060668945 0.03095453977584839 0.0034658503718674183
0.42907753586769104 0.9290046691894531 0.05203455686569214 0.04300767183303833 0.003459775121882558
0.3920297622680664 0.2895776033401489 0.03739747405052185 0.03414991497993469 0.0034185198601335287
0.5128382444381714 0.19988512992858887 0.03549155592918396 0.03358331322669983 0.003402017755433917
0.49091047048568726 0.3380240797996521 0.037105947732925415 0.026803284883499146 0.0033985176123678684
0.16152170300483704 0.9221605062484741 0.01621183753013611 0.016468822956085205 0.003315080888569355
0.2766205668449402 0.8637199401855469 0.04257044196128845 0.0427013635635376 0.0032480438239872456
0.6375521421432495 0.5132879018783569 0.023434817790985107 0.026270508766174316 0.0032291875686496496
0.2157115489244461 0.5499033331871033 0.023590385913848877 0.021037578582763672 0.003163448767736554
0.3570169508457184 0.24962970614433289 0.04223048686981201 0.03401283919811249 0.003159615211188793
0.16400837898254395 0.7372954487800598 0.02945747971534729 0.02237570285797119 0.0031512235291302204
0.7522263526916504 0.782310962677002 0.016270458698272705 0.01814877986907959 0.00315117253921926
0.06363361328840256 0.9868929386138916 0.013748887926340103 0.01377636194229126 0.00305065861903131
0.35257846117019653 0.25271087884902954 0.03374528884887695 0.029327109456062317 0.003014771733433008
0.35069143772125244 0.9521721005439758 0.028218954801559448 0.0230255126953125 0.0030058601405471563
0.3270530700683594 0.9907925128936768 0.031625837087631226 0.01841503381729126 0.00296713225543499
0.7512232065200806 0.782970666885376 0.020576119422912598 0.02126067876815796 0.002956994343549013
0.4934273958206177 0.667769193649292 0.021487265825271606 0.02701324224472046 0.002905068686231971
0.37844863533973694 0.8074563145637512 0.0389866828918457 0.03435361385345459 0.002842511050403118
0.20727397501468658 0.7247312068939209 0.032864272594451904 0.035534441471099854 0.002837269101291895
0.6373414993286133 0.5113123059272766 0.019926071166992188 0.020814180374145508 0.00276291836053133
0.23675566911697388 0.7909860610961914 0.022239401936531067 0.021131157875061035 0.002758106216788292
0.4207184910774231 0.7912217378616333 0.062001198530197144 0.041710078716278076 0.002755176741629839
0.6313602924346924 0.4320763647556305 0.02843862771987915 0.02623116970062256 0.002741636708378792
0.2229035645723343 0.9828544855117798 0.012785911560058594 0.013504385948181152 0.002701064571738243
0.6347492933273315 0.43065205216407776 0.02606731653213501 0.027501463890075684 0.002688522217795253
0.5035204887390137 0.3162476122379303 0.029180526733398438 0.027158141136169434 0.0026320244651287794
0.2510652244091034 0.9784616231918335 0.024110659956932068 0.020462453365325928 0.002609788905829191
0.42484965920448303 0.937700629234314 0.049768269062042236 0.04606896638870239 0.002586109098047018
0.29240643978118896 0.4893588125705719 0.018587440252304077 0.019683480262756348 0.0025456571020185947
0.29056158661842346 0.48844462633132935 0.01818704605102539 0.017691612243652344 0.0025226539000868797
0.3533240854740143 0.8089807033538818 0.022258400917053223 0.020298779010772705 0.002503679832443595
0.11294881999492645 0.8996652364730835 0.019819878041744232 0.025664865970611572 0.0024989566300064325
0.4421616792678833 0.8459686040878296 0.02820083498954773 0.02269512414932251 0.002437559189274907
0.24554067850112915 0.6222691535949707 0.016720592975616455 0.013198435306549072 0.0023823108058422804
0.4129801392555237 0.9386466145515442 0.044244199991226196 0.041666626930236816 0.002364714164286852
0.7343447208404541 0.6361758708953857 0.02835482358932495 0.03495675325393677 0.002354554133489728
0.23920908570289612 0.985485851764679 0.02263297140598297 0.018789052963256836 0.0023492397740483284
0.4167357087135315 0.9338798522949219 0.05212584137916565 0.04483717679977417 0.0023251783568412066
0.4179397225379944 0.6416480541229248 0.03521108627319336 0.03534120321273804 0.00225788913667202
0.6405670642852783 0.6587217450141907 0.016845285892486572 0.016060233116149902 0.002250303979963064
0.6458568572998047 0.7798980474472046 0.016349613666534424 0.015986084938049316 0.0022463833447545767
0.33541637659072876 0.8824332356452942 0.029982656240463257 0.02746129035949707 0.002230225596576929
0.2338513433933258 0.6300536394119263 0.035214051604270935 0.02560967206954956 0.0022156790364533663
0.48115721344947815 0.6944320797920227 0.019472122192382812 0.01765286922454834 0.0021765646524727345
0.21986603736877441 0.6356067657470703 0.033306509256362915 0.030213654041290283 0.00215249415487051
0.2747974991798401 0.8586495518684387 0.036866605281829834 0.04302096366882324 0.0021002565044909716
0.7285019159317017 0.6255854368209839 0.0250055193901062 0.022291123867034912 0.002088978886604309
0.33345210552215576 0.6928386688232422 0.018348604440689087 0.016247153282165527 0.002079626079648733
0.15262439846992493 0.7629009485244751 0.02492690086364746 0.020719707012176514 0.0020618161652237177
0.3457338213920593 0.9586591124534607 0.02670040726661682 0.024764060974121094 0.002050945768132806
0.2796834111213684 0.8470657467842102 0.04226398468017578 0.030959725379943848 0.0020336417946964502
0.6342132091522217 0.6312309503555298 0.012817084789276123 0.01277226209640503 0.002024530665948987
0.2336580753326416 0.7900271415710449 0.02090701460838318 0.02013397216796875 0.0020114206708967686
0.4702332615852356 0.6480200290679932 0.017346560955047607 0.01552647352218628 0.0020077417138963938
0.6080654859542847 0.3698239028453827 0.02478426694869995 0.024388790130615234 0.001991641242057085
0.44256240129470825 0.2967981696128845 0.04495638608932495 0.029332876205444336 0.001989186042919755
0.14728565514087677 0.5998712778091431 0.027441829442977905 0.0304906964302063 0.0019785857293754816
0.2258501946926117 0.6318421363830566 0.03391160070896149 0.029922187328338623 0.0019305528840050101
0.25873833894729614 0.5264079570770264 0.03371478617191315 0.03332394361495972 0.001923570060171187
0.14381179213523865 0.7384830713272095 0.01569785177707672 0.014249026775360107 0.001911874976940453
0.4753624200820923 0.7922699451446533 0.022379308938980103 0.021318018436431885 0.00188028858974576
0.20209844410419464 0.756379246711731 0.03551173210144043 0.029558241367340088 0.0018234590534120798
0.2314506471157074 0.6242637634277344 0.03624849021434784 0.02410888671875 0.0018038488924503326
0.21785742044448853 0.9556377530097961 0.014266297221183777 0.0137939453125 0.001774929347448051
0.26324212551116943 0.9955581426620483 0.02539423108100891 0.007860958576202393 0.001765614841133356
0.5025954246520996 0.7178458571434021 0.02295207977294922 0.020677566528320312 0.0017459582304582
0.1475246548652649 0.6679215431213379 0.021308764815330505 0.019319355487823486 0.00173099001403898
0.4792381525039673 0.22850188612937927 0.03979453444480896 0.02882222831249237 0.0017163907177746296
0.3622223734855652 0.7185398936271667 0.02945837378501892 0.029372692108154297 0.001689418451860547
0.5466836094856262 0.6906007528305054 0.034685611724853516 0.02632540464401245 0.0016842865152284503
0.29423269629478455 0.8210069537162781 0.03122854232788086 0.028131484985351562 0.001665663905441761
0.41005128622055054 0.8619418144226074 0.02642419934272766 0.02322828769683838 0.001659972476772964
0.06321422755718231 0.9879663586616516 0.015757106244564056 0.016381502151489258 0.0016549990978091955
0.4152018427848816 0.668075680732727 0.014503270387649536 0.015019118785858154 0.0016545044491067529
0.35825061798095703 0.34927642345428467 0.022787034511566162 0.020091354846954346 0.0016284852754324675
0.588914155960083 0.36521002650260925 0.040897905826568604 0.0369870662689209 0.0015818254323676229
0.35164153575897217 0.2561885118484497 0.036851197481155396 0.0334739089012146 0.0015786505537107587
0.23069046437740326 0.7575300931930542 0.024060487747192383 0.023042142391204834 0.0015737308422103524
0.4712105691432953 0.29017677903175354 0.030559062957763672 0.0308760404586792 0.0015533905243501067
0.434207558631897 0.29357197880744934 0.036338597536087036 0.03171485662460327 0.0015491422964259982
0.14722111821174622 0.7366085052490234 0.01846270263195038 0.01711207628250122 0.0015468584606423974
0.39934009313583374 0.7872458100318909 0.03002801537513733 0.0336073637008667 0.0015389543259516358
0.32517486810684204 0.4156702160835266 0.036111295223236084 0.03530403971672058 0.0015030583599582314
0.40640974044799805 0.8530529141426086 0.03300231695175171 0.028538942337036133 0.0014574426459148526
0.44479072093963623 0.7860884070396423 0.06739369034767151 0.04070425033569336 0.001421593246050179
0.27898216247558594 0.8801110982894897 0.04577246308326721 0.03976935148239136 0.0014207304921001196
0.19016185402870178 0.8069223165512085 0.035364583134651184 0.029916048049926758 0.0014168721390888095
0.41935497522354126 0.9234234094619751 0.03518199920654297 0.03280562162399292 0.0014036287320777774
0.6147421002388 0.3930129408836365 0.017780780792236328 0.015485197305679321 0.0013995509361848235
0.2933129668235779 0.8189250230789185 0.02446657419204712 0.02312391996383667 0.0013941002544015646
0.515640139579773 0.7293473482131958 0.015924811363220215 0.014516055583953857 0.0013896927703171968
0.507209062576294 0.19927819073200226 0.035491764545440674 0.030209779739379883 0.0013889861293137074
0.3582765460014343 0.9951751828193665 0.03202274441719055 0.00964963436126709 0.0013832004042342305
0.08252137154340744 0.9701070189476013 0.0119248628616333 0.0110015869140625 0.0013560104416683316
0.256870836019516 0.994179368019104 0.02693672478199005 0.010228335857391357 0.0013492010766640306
0.4413239359855652 0.2990221083164215 0.0409645140171051 0.02917611598968506 0.0013435629662126303
