x y width height conf
0.7702683210372925 0.22471052408218384 0.023321807384490967 0.022344306111335754 0.37126338481903076
0.695846676826477 0.32287871837615967 0.024925053119659424 0.022150903940200806 0.298389732837677
0.6489213109016418 0.6786572933197021 0.037516236305236816 0.03303229808807373 0.271040678024292
0.4067609906196594 0.013207076117396355 0.0363253653049469 0.026170585304498672 0.23700082302093506
0.6268882751464844 0.4156471788883209 0.03329336643218994 0.03158986568450928 0.22250506281852722
0.6958231925964355 0.2436126172542572 0.01897108554840088 0.01801823079586029 0.21414092183113098
0.6969170570373535 0.3233424425125122 0.030114352703094482 0.02656453847885132 0.19014959037303925
0.49995774030685425 0.7971663475036621 0.023020297288894653 0.021449267864227295 0.14913727343082428
0.5034208297729492 0.8292230367660522 0.017578691244125366 0.016266286373138428 0.14715556800365448
0.5247576832771301 0.8548324704170227 0.036162734031677246 0.04277348518371582 0.14444901049137115
0.695207953453064 0.24372577667236328 0.023129045963287354 0.022585391998291016 0.1381237506866455
0.3076217472553253 0.6072611808776855 0.022876501083374023 0.02113819122314453 0.13781584799289703
0.7692966461181641 0.22450152039527893 0.032510578632354736 0.028025776147842407 0.13171161711215973
0.6914758682250977 0.6624858975410461 0.019652724266052246 0.01930534839630127 0.12644252181053162
0.6911973357200623 0.6624475717544556 0.018937110900878906 0.018188118934631348 0.11407703161239624
0.6728575229644775 0.29716578125953674 0.027566373348236084 0.023720860481262207 0.10362011939287186
0.6658710241317749 0.5873012542724609 0.04760020971298218 0.038990914821624756 0.09177561849355698
0.4557380676269531 0.7934620976448059 0.041560739278793335 0.032045602798461914 0.09147335588932037
0.5264772176742554 0.8674083948135376 0.02858680486679077 0.01791304349899292 0.07640539109706879
0.6797931790351868 0.7557560205459595 0.018358469009399414 0.01687222719192505 0.0631001889705658
0.5027440190315247 0.8290813565254211 0.023028582334518433 0.020490288734436035 0.06282732635736465
0.6487288475036621 0.6745442152023315 0.042955756187438965 0.03513377904891968 0.05958829075098038
0.6248483657836914 0.4162321090698242 0.04674530029296875 0.03775015473365784 0.05922053009271622
0.38115373253822327 0.8336113095283508 0.019046664237976074 0.017807722091674805 0.058233652263879776
0.7097803354263306 0.5716580152511597 0.034701526165008545 0.03269881010055542 0.05479713901877403
0.45269864797592163 0.8026144504547119 0.04046401381492615 0.04814547300338745 0.048817042261362076
0.6851799488067627 0.896104633808136 0.027375221252441406 0.026794791221618652 0.04806533455848694
0.690148651599884 0.6621426343917847 0.025677204132080078 0.023785531520843506 0.04707952216267586
0.1596693992614746 0.5145684480667114 0.028665751218795776 0.03336867690086365 0.04621335491538048
0.7090322971343994 0.570868968963623 0.029487311840057373 0.02569580078125 0.04560503736138344
0.7526937127113342 0.8377655744552612 0.032190799713134766 0.029876887798309326 0.04299722984433174
0.5251798629760742 0.8603826761245728 0.03181159496307373 0.03479498624801636 0.03976365923881531
0.6471997499465942 0.6804957985877991 0.046227872371673584 0.0399554967880249 0.03698763996362686
0.5233033895492554 0.8579095602035522 0.04617685079574585 0.04311293363571167 0.03669694811105728
0.45497000217437744 0.800870418548584 0.04670467972755432 0.051201045513153076 0.03463444486260414
0.6756619215011597 0.29504531621932983 0.03023475408554077 0.024829119443893433 0.03424915671348572
0.5418112277984619 0.5093887448310852 0.02895873785018921 0.024559974670410156 0.03325015679001808
0.1995345652103424 0.5403091907501221 0.020169302821159363 0.02057117223739624 0.03316490352153778
0.6903083920478821 0.6628404855728149 0.02521955966949463 0.023766160011291504 0.03022928722202778
0.30874335765838623 0.6081097722053528 0.026979148387908936 0.026084303855895996 0.029887784272432327
0.4490388333797455 0.8147010803222656 0.02814960479736328 0.02574789524078369 0.02851240523159504
0.6784912347793579 0.7560241222381592 0.025654196739196777 0.023195266723632812 0.02549809031188488
0.38095706701278687 0.8347099423408508 0.02429962158203125 0.023823142051696777 0.025437071919441223
0.44898366928100586 0.8153492212295532 0.028151124715805054 0.02380293607711792 0.02339535392820835
0.6690335273742676 0.2945953905582428 0.03470766544342041 0.02889537811279297 0.02310153841972351
0.2642284631729126 0.032253868877887726 0.02469995617866516 0.023226981982588768 0.021920520812273026
0.5415242910385132 0.5098645687103271 0.02285522222518921 0.020923078060150146 0.021883634850382805
0.33123356103897095 0.14555853605270386 0.02362126111984253 0.023545578122138977 0.021777503192424774
0.6486855745315552 0.6739999055862427 0.05027353763580322 0.04305553436279297 0.021760839968919754
0.6713954210281372 0.5843257904052734 0.04222548007965088 0.03748321533203125 0.02157415635883808
0.29872846603393555 0.12930946052074432 0.026243537664413452 0.026811175048351288 0.021452970802783966
0.6514501571655273 0.274955153465271 0.0235101580619812 0.02093181014060974 0.02126455307006836
0.5262799859046936 0.8515762090682983 0.04543280601501465 0.05545002222061157 0.020750684663653374
0.682278037071228 0.8973292708396912 0.035694777965545654 0.031508445739746094 0.02062153071165085
0.40521755814552307 0.01344626396894455 0.04567909240722656 0.0268925279378891 0.02057388797402382
0.45104923844337463 0.8092876672744751 0.03858107328414917 0.04063993692398071 0.019619479775428772
0.5300295948982239 0.5487807989120483 0.01897716522216797 0.01802140474319458 0.01935788057744503
0.3789333701133728 0.6444219350814819 0.025831788778305054 0.02205449342727661 0.018356872722506523
0.24645061790943146 0.15507584810256958 0.018455594778060913 0.017746910452842712 0.0174641702324152
0.6914024353027344 0.5777186751365662 0.06427443027496338 0.04226875305175781 0.01703510992228985
0.60776686668396 0.6415776014328003 0.0467146635055542 0.04078185558319092 0.017026718705892563
0.6960259675979614 0.24352487921714783 0.02982938289642334 0.02773045003414154 0.016538526862859726
0.8012527227401733 0.6961075067520142 0.022128283977508545 0.02378326654434204 0.01611463353037834
0.29843172430992126 0.1312655806541443 0.03162670135498047 0.03233228623867035 0.01593243144452572
0.8017318248748779 0.6959346532821655 0.02704399824142456 0.02813166379928589 0.015782436355948448
0.6973603367805481 0.32117247581481934 0.035669684410095215 0.03379791975021362 0.015398756600916386
0.30483439564704895 0.8121201992034912 0.023309051990509033 0.02035599946975708 0.015377436764538288
0.3752753734588623 0.5901672840118408 0.01766529679298401 0.015464603900909424 0.015224851667881012
0.30359047651290894 0.8146690130233765 0.027708858251571655 0.025799930095672607 0.015136577188968658
0.7524386644363403 0.8394811749458313 0.0436059832572937 0.04087376594543457 0.013426238670945168
0.34206098318099976 0.47789064049720764 0.02408197522163391 0.022652626037597656 0.013276922516524792
0.5872883200645447 0.8146805167198181 0.03473854064941406 0.03180885314941406 0.013056669384241104
0.38009464740753174 0.6444534063339233 0.02087804675102234 0.018731296062469482 0.01302285585552454
0.753821849822998 0.8380283117294312 0.039096176624298096 0.0339542031288147 0.012847965583205223
0.4826509356498718 0.005534064490348101 0.025311678647994995 0.010769818909466267 0.012680592946708202
0.47713106870651245 0.256519079208374 0.027026385068893433 0.02411794662475586 0.012651702389121056
0.29969102144241333 0.1293778419494629 0.031749993562698364 0.029149383306503296 0.012623896822333336
0.7123225331306458 0.5699877738952637 0.04457592964172363 0.03889673948287964 0.0125938281416893
0.4510306715965271 0.7959745526313782 0.0392281711101532 0.032319068908691406 0.012041797861456871
0.6612911224365234 0.5925663709640503 0.05654144287109375 0.04835468530654907 0.011596503667533398
0.6056495904922485 0.6436102390289307 0.047014057636260986 0.03594529628753662 0.011408794671297073
0.5249851942062378 0.846429705619812 0.038058340549468994 0.050825297832489014 0.0112912030890584
0.3297621011734009 0.1480693519115448 0.032141536474227905 0.028997376561164856 0.011163893155753613
0.47023192048072815 0.7889585494995117 0.0514257550239563 0.0378345251083374 0.01098090223968029
0.44870805740356445 0.8191096782684326 0.03410309553146362 0.032140910625457764 0.010457311756908894
0.2470904439687729 0.15549775958061218 0.02388516068458557 0.021870046854019165 0.01039112824946642
0.5894801616668701 0.7069944143295288 0.01899796724319458 0.018634676933288574 0.010290030390024185
0.5794276595115662 0.8177347183227539 0.0478363037109375 0.04306447505950928 0.010201074182987213
0.20214800536632538 0.44111043214797974 0.020038843154907227 0.0192754864692688 0.010183644481003284
0.5908193588256836 0.6435926556587219 0.03994959592819214 0.027456283569335938 0.009901485405862331
0.2314722239971161 0.5080428123474121 0.02429385483264923 0.02272436022758484 0.009660284034907818
0.33371227979660034 0.145797461271286 0.030935674905776978 0.03261752426624298 0.00939246080815792
0.5015320777893066 0.7961493730545044 0.02853679656982422 0.026346802711486816 0.009064587764441967
0.5834907293319702 0.6431772708892822 0.02562958002090454 0.021749496459960938 0.009009399451315403
0.6791331171989441 0.7567639350891113 0.031735897064208984 0.029047787189483643 0.00900338962674141
0.3377600312232971 0.16465508937835693 0.030820369720458984 0.025200918316841125 0.008615221828222275
0.7363680601119995 0.3047359585762024 0.026912331581115723 0.024625003337860107 0.008481821976602077
0.5963469743728638 0.6417349576950073 0.05387890338897705 0.03218573331832886 0.008259551599621773
0.26362186670303345 0.024434026330709457 0.02768927812576294 0.0279372651129961 0.008249311707913876
0.6710917949676514 0.5812406539916992 0.06046777963638306 0.05076521635055542 0.008176556788384914
0.3988078236579895 0.012643599882721901 0.04536086320877075 0.025287199765443802 0.007901988923549652
0.49591177701950073 0.7944934964179993 0.03469523787498474 0.03493821620941162 0.007882037200033665
0.5000967979431152 0.8294656276702881 0.030809402465820312 0.026053965091705322 0.007750079035758972
0.5181241035461426 0.8432989120483398 0.04944223165512085 0.04884183406829834 0.0076425825245678425
0.7731313109397888 0.2221887707710266 0.03602266311645508 0.035189345479011536 0.007623002864420414
0.4087011218070984 0.018458684906363487 0.04258611798286438 0.036917369812726974 0.007563570514321327
0.161064013838768 0.4670679569244385 0.014660120010375977 0.01577681303024292 0.007520063314586878
0.5443358421325684 0.5099430084228516 0.03235816955566406 0.028146356344223022 0.007465090602636337
0.1600683033466339 0.5153446197509766 0.035277411341667175 0.043895721435546875 0.007239402271807194
0.4910525381565094 0.7891242504119873 0.027058422565460205 0.0367085337638855 0.007231168448925018
0.3362351059913635 0.1571791023015976 0.03375253081321716 0.036206960678100586 0.007131476420909166
0.34504738450050354 0.47801142930984497 0.03380119800567627 0.02905750274658203 0.006991155445575714
0.2739158868789673 0.03706403076648712 0.03908199071884155 0.027410035952925682 0.006715020164847374
0.5262242555618286 0.842593789100647 0.03309667110443115 0.03345644474029541 0.006467760074883699
0.5822966694831848 0.654405415058136 0.0242307186126709 0.027791380882263184 0.006451858207583427
0.5816805958747864 0.6400115489959717 0.03770041465759277 0.0313228964805603 0.006416433956474066
0.7016198635101318 0.13408693671226501 0.04038345813751221 0.0343003049492836 0.006345908623188734
0.6633584499359131 0.28809767961502075 0.03961449861526489 0.03420799970626831 0.0061286743730306625
0.5144504904747009 0.8357032537460327 0.045052558183670044 0.03463059663772583 0.006033954210579395
0.6930835843086243 0.21665731072425842 0.021005868911743164 0.016626164317131042 0.00594609510153532
0.33070117235183716 0.38792574405670166 0.018217414617538452 0.016889959573745728 0.005824878346174955
0.584022045135498 0.6438973546028137 0.03007972240447998 0.02775263786315918 0.0057143052108585835
0.23248246312141418 0.509167492389679 0.029445841908454895 0.027163416147232056 0.005706664640456438
0.2868967652320862 0.04490629583597183 0.026381194591522217 0.02302968129515648 0.0055755614303052425
0.37477463483810425 0.5899944305419922 0.022121518850326538 0.019755065441131592 0.005443444941192865
0.6689205169677734 0.6701430678367615 0.06328964233398438 0.0435028076171875 0.00527904974296689
0.6762654781341553 0.2960411012172699 0.041096508502960205 0.03226780891418457 0.00509589584544301
0.5887731909751892 0.8146957159042358 0.04206275939941406 0.03792685270309448 0.005073540844023228
0.4115549325942993 0.014610487036406994 0.044774025678634644 0.029220974072813988 0.005045928992331028
0.7380651235580444 0.30369138717651367 0.02091449499130249 0.019223779439926147 0.004686435218900442
0.49187159538269043 0.5188865661621094 0.019735217094421387 0.018464267253875732 0.004631458781659603
0.5283209681510925 0.549189567565918 0.024376869201660156 0.022638142108917236 0.004628643859177828
0.6546886563301086 0.27539944648742676 0.03409266471862793 0.027566254138946533 0.0046232533641159534
0.4665982127189636 0.7917659878730774 0.0627351701259613 0.04082679748535156 0.0045317839831113815
0.5809986591339111 0.661484956741333 0.021165430545806885 0.020451724529266357 0.004491709638386965
0.3764840364456177 0.6456887722015381 0.03458014130592346 0.02690201997756958 0.004489040933549404
0.6473721265792847 0.6958376169204712 0.046766459941864014 0.049364686012268066 0.00435447134077549
0.20277412235736847 0.44083157181739807 0.026391267776489258 0.023920834064483643 0.004299777559936047
0.4923819601535797 0.5192068219184875 0.02498990297317505 0.022974610328674316 0.004238082095980644
0.5886467695236206 0.7079813480377197 0.025150597095489502 0.025176823139190674 0.004227799363434315
0.691382884979248 0.7026436924934387 0.029912590980529785 0.02699446678161621 0.004186774604022503
0.6415892839431763 0.562566339969635 0.020816802978515625 0.01829230785369873 0.004057454410940409
0.645413875579834 0.9678168296813965 0.028572678565979004 0.02612626552581787 0.004027226008474827
0.230469211935997 0.5091539621353149 0.03196215629577637 0.028771042823791504 0.0037192818708717823
0.5437085032463074 0.5055509805679321 0.03653717041015625 0.03313210606575012 0.0036961103323847055
0.5298864841461182 0.00742963794618845 0.034745633602142334 0.0148592758923769 0.0036251938436180353
0.5755026340484619 0.6296151876449585 0.04556697607040405 0.04626256227493286 0.0036002984270453453
0.6596735119819641 0.38940370082855225 0.03126680850982666 0.02532699704170227 0.003541971556842327
0.6933282613754272 0.21813078224658966 0.023656070232391357 0.021361052989959717 0.003497930709272623
0.6937025189399719 0.7045935392379761 0.02279973030090332 0.01833134889602661 0.003495741169899702
0.2987496256828308 0.12539537250995636 0.0360870361328125 0.03093419224023819 0.003443180350586772
0.734177827835083 0.31061068177223206 0.026192545890808105 0.026884853839874268 0.003432442666962743
0.24655786156654358 0.15523527562618256 0.02868957817554474 0.026801347732543945 0.0033942030277103186
0.18707099556922913 0.5612524151802063 0.019405215978622437 0.019490599632263184 0.003276277333498001
0.1884409487247467 0.5019221305847168 0.02098102867603302 0.021563947200775146 0.003224749118089676
0.296004056930542 0.13024646043777466 0.038784682750701904 0.038439229130744934 0.0031790018547326326
0.5855522155761719 0.705402135848999 0.03167760372161865 0.02805858850479126 0.0031568410340696573
0.5693384408950806 0.6192737817764282 0.04472911357879639 0.040539562702178955 0.003144600661471486
0.6912707686424255 0.46753397583961487 0.03490257263183594 0.03343266248703003 0.003120480105280876
0.6703497171401978 0.3000895380973816 0.03243750333786011 0.03332999348640442 0.003110934514552355
0.4799453020095825 0.006593713071197271 0.03472939133644104 0.013187426142394543 0.00303617212921381
0.2626550793647766 0.47931042313575745 0.019586950540542603 0.017893970012664795 0.002953254384920001
0.6458104252815247 0.7076674699783325 0.04095196723937988 0.02253633737564087 0.0027984364423900843
0.3155558705329895 0.42991697788238525 0.016987711191177368 0.015841573476791382 0.002793186344206333
0.7030395269393921 0.5714131593704224 0.0460321307182312 0.036132633686065674 0.002783150179311633
0.5504579544067383 0.5014225244522095 0.04112344980239868 0.03646433353424072 0.002772622276097536
0.6344281435012817 0.556786835193634 0.024811923503875732 0.02069723606109619 0.002752105938270688
0.6004395484924316 0.8682071566581726 0.02368009090423584 0.021053314208984375 0.0027458223048597574
0.6427644491195679 0.7012113332748413 0.04438668489456177 0.03395044803619385 0.0027179408352822065
0.49100542068481445 0.5191786885261536 0.025544166564941406 0.022890329360961914 0.0027077621780335903
0.6535146832466125 0.272195041179657 0.02930605411529541 0.02522173523902893 0.002702153753489256
0.2694781422615051 0.44228798151016235 0.02590101957321167 0.021189212799072266 0.002695901785045862
0.6396846771240234 0.5634765625 0.028329670429229736 0.024605929851531982 0.0026856993790715933
0.47625792026519775 0.25570353865623474 0.032921046018600464 0.029113277792930603 0.0026350554544478655
0.30652332305908203 0.8165527582168579 0.03206759691238403 0.03446406126022339 0.002626794623211026
0.6458122134208679 0.9709621667861938 0.03973102569580078 0.03678739070892334 0.002590752672404051
0.48510897159576416 0.7812857627868652 0.033933281898498535 0.03310203552246094 0.002589769661426544
0.19827508926391602 0.5422682762145996 0.026650235056877136 0.024218380451202393 0.0025799223221838474
0.5629874467849731 0.4941086769104004 0.03054487705230713 0.02965947985649109 0.002511827740818262
0.683623731136322 0.3071648180484772 0.04876422882080078 0.0491909384727478 0.0025024774949997663
0.6979492902755737 0.21888309717178345 0.024328768253326416 0.017097368836402893 0.002493174746632576
0.5282782316207886 0.00997415091842413 0.03568267822265625 0.01895556040108204 0.002456376561895013
0.2714093327522278 0.4436348080635071 0.02783331274986267 0.02249544858932495 0.002438765252009034
0.7678845524787903 0.2270335853099823 0.03920614719390869 0.04071269929409027 0.0024375522043555975
0.32189977169036865 0.36549049615859985 0.018475860357284546 0.016926288604736328 0.0024341330863535404
0.19945645332336426 0.4359625577926636 0.022626399993896484 0.026385396718978882 0.0023839399218559265
0.5326627492904663 0.007291028276085854 0.03742164373397827 0.014453167095780373 0.002378820674493909
0.4429902732372284 0.8523948788642883 0.03332996368408203 0.026691198348999023 0.0023298230953514576
0.43191957473754883 0.03806121274828911 0.03141555190086365 0.02988002449274063 0.0023131994530558586
0.27705320715904236 0.040542639791965485 0.04410409927368164 0.03174550086259842 0.0022881287150084972
0.3021118640899658 0.13438701629638672 0.042155176401138306 0.03753342479467392 0.0022667795419692993
0.5808296799659729 0.6510473489761353 0.033512115478515625 0.039372146129608154 0.002205334370955825
0.26299723982810974 0.4790293276309967 0.018488168716430664 0.016507506370544434 0.0021857935935258865
0.33354562520980835 0.1606442928314209 0.04252550005912781 0.03983716666698456 0.002167497994378209
0.5783446431159973 0.08141714334487915 0.02656877040863037 0.021464988589286804 0.002162230433896184
0.7947826385498047 0.6983453631401062 0.03366124629974365 0.02998638153076172 0.0021477879490703344
0.2745516002178192 0.4904336929321289 0.02149367332458496 0.019995301961898804 0.002088404493406415
0.44359350204467773 0.8541805148124695 0.0228460431098938 0.020221710205078125 0.0020717571023851633
0.698959469795227 0.133295476436615 0.0481342077255249 0.0414617583155632 0.0020503688137978315
0.3406837284564972 0.16102588176727295 0.037796616554260254 0.02917461097240448 0.002034987322986126
0.33858996629714966 0.06696072965860367 0.029411017894744873 0.032044485211372375 0.0020341770723462105
0.5928791761398315 0.8754158020019531 0.0423964262008667 0.03586655855178833 0.002014466794207692
0.6528304815292358 0.9950664043426514 0.03149491548538208 0.009867250919342041 0.0020064397249370813
0.5275651216506958 0.013303980231285095 0.04405421018600464 0.02660796046257019 0.0020048553124070168
0.5322669744491577 0.548957347869873 0.028324246406555176 0.02462160587310791 0.0019391534151509404
0.6974267959594727 0.3261077404022217 0.040272533893585205 0.040751755237579346 0.0019156821072101593
0.6964958906173706 0.7057868838310242 0.026720941066741943 0.02129364013671875 0.001903103431686759
0.3451077938079834 0.41182732582092285 0.023145228624343872 0.018114954233169556 0.0018577990122139454
0.314813494682312 0.4297928810119629 0.021735459566116333 0.020057857036590576 0.0018390538170933723
0.20176705718040466 0.5407245755195618 0.02632218599319458 0.02283310890197754 0.0018289682921022177
0.644801139831543 0.9675214886665344 0.02298867702484131 0.021429777145385742 0.001802983577363193
0.6909773349761963 0.5750402212142944 0.07696014642715454 0.05392497777938843 0.0017829649150371552
0.626075267791748 0.5521162748336792 0.02252066135406494 0.02236759662628174 0.001777338795363903
0.2729068398475647 0.4425166845321655 0.03762084245681763 0.02936658263206482 0.001773637137375772
0.6513341665267944 0.39420849084854126 0.03393518924713135 0.031352698802948 0.0017594769597053528
0.3806607723236084 0.8322597742080688 0.0311010479927063 0.030132651329040527 0.0017535481601953506
0.2613331973552704 0.46744537353515625 0.016768932342529297 0.016566455364227295 0.001753241871483624
0.44572392106056213 0.8197911977767944 0.03989630937576294 0.041148602962493896 0.0017505751457065344
0.19360309839248657 0.5409350991249084 0.03157524764537811 0.031962037086486816 0.0017450159648433328
0.32193320989608765 0.3656228184700012 0.024706870317459106 0.02072066068649292 0.0016755195101723075
0.4945334196090698 0.5183849334716797 0.030768007040023804 0.027136802673339844 0.0016248254105448723
0.2704184651374817 0.5760831832885742 0.01805153489112854 0.017315030097961426 0.0016234199283644557
0.5781313180923462 0.08065056055784225 0.038910865783691406 0.031042516231536865 0.0016070067649707198
0.6666451692581177 0.5540820360183716 0.047879695892333984 0.03660142421722412 0.0015790819888934493
0.7754619121551514 0.4186403751373291 0.016756176948547363 0.01622810959815979 0.0015763785922899842
0.32903674244880676 0.387884259223938 0.02563345432281494 0.02229347825050354 0.0015623813960701227
0.4767463803291321 0.3935452103614807 0.01494598388671875 0.014356613159179688 0.0015481358859688044
0.48224127292633057 0.009023490361869335 0.03442153334617615 0.01804698072373867 0.0015442247968167067
0.76390540599823 0.2169543355703354 0.03364884853363037 0.033928632736206055 0.0015380840050056577
0.45249122381210327 0.794682502746582 0.052675336599349976 0.042292773723602295 0.0015137525042518973
0.2729696035385132 0.4422453045845032 0.03474453091621399 0.02827376127243042 0.0015013109659776092
0.7094236016273499 0.1206899881362915 0.034368157386779785 0.028598688542842865 0.0014962585410103202
0.629758358001709 0.6650141477584839 0.07735234498977661 0.059376537799835205 0.0014657770516350865
0.6636983156204224 0.6125243902206421 0.03280770778656006 0.028332531452178955 0.0014342771610245109
0.5627196431159973 0.6161268949508667 0.04129624366760254 0.03703266382217407 0.0014282118063420057
0.5249961018562317 0.8633874654769897 0.04006838798522949 0.04185754060745239 0.0014153665397316217
0.30552300810813904 0.604905366897583 0.02868938446044922 0.027485549449920654 0.0013938520569354296
0.6756340861320496 0.54874187707901 0.040410518646240234 0.03206777572631836 0.0013876534067094326
0.18897683918476105 0.5578749179840088 0.020107299089431763 0.021943271160125732 0.0013849310344085097
0.5464043617248535 0.5076595544815063 0.04164391756057739 0.03542235493659973 0.0013819666346535087
0.5865581035614014 0.650231122970581 0.03926891088485718 0.049806058406829834 0.0013778309803456068
0.6464574933052063 0.9667978286743164 0.03487968444824219 0.030993640422821045 0.0013752654194831848
0.673530101776123 0.5462421178817749 0.029565811157226562 0.02116459608078003 0.0013723308220505714
0.42246919870376587 0.04214455559849739 0.041101276874542236 0.02816697396337986 0.0013648407766595483
0.5792009830474854 0.8191875219345093 0.04060858488082886 0.035356104373931885 0.001337057095952332
0.49793654680252075 0.7939053773880005 0.034566789865493774 0.03300511837005615 0.0013271511998027563
0.28468671441078186 0.04335920885205269 0.035388827323913574 0.030811287462711334 0.0013137737987563014
0.5471184849739075 0.4860023558139801 0.02980351448059082 0.022795796394348145 0.0012665650574490428
0.6523957848548889 0.5786524415016174 0.06336641311645508 0.06186032295227051 0.001258792239241302
0.46586889028549194 0.7338135242462158 0.014926344156265259 0.014648020267486572 0.0012489799410104752
0.5803197622299194 0.7049711346626282 0.038165271282196045 0.030472755432128906 0.0012370297918096185
0.671095073223114 0.17506390810012817 0.027429580688476562 0.026287272572517395 0.0012297736248001456
0.6803713440895081 0.29245442152023315 0.03917539119720459 0.030145257711410522 0.0012267581187188625
0.5022152662277222 0.7970178723335266 0.03660634160041809 0.03032553195953369 0.0011931475019082427
0.594491720199585 0.7341991066932678 0.016419708728790283 0.016767263412475586 0.001191810006275773
0.5532288551330566 0.49839529395103455 0.05091094970703125 0.03971356153488159 0.001187576213851571
0.28532683849334717 0.04645595699548721 0.032377809286117554 0.028103090822696686 0.0011818008497357368
0.7244365811347961 0.5272780656814575 0.01634371280670166 0.015650928020477295 0.0011798531049862504
0.40324705839157104 0.48727571964263916 0.02582457661628723 0.023479074239730835 0.0011798323830589652
0.848100483417511 0.4418994188308716 0.016896843910217285 0.017799586057662964 0.0011604285100474954
0.5058353543281555 0.8319933414459229 0.034992486238479614 0.03303450345993042 0.0011507613817229867
0.6883837580680847 0.8963813781738281 0.040894508361816406 0.036358654499053955 0.0011487407609820366
0.35935550928115845 0.618309736251831 0.018584072589874268 0.01654571294784546 0.0011461470276117325
0.5571925640106201 0.610022246837616 0.028316020965576172 0.027496814727783203 0.0011354753514751792
0.34105628728866577 0.005316218826919794 0.030025869607925415 0.010549009777605534 0.0011342926882207394
0.7069281339645386 0.5729312300682068 0.05818730592727661 0.0520014762878418 0.0011271830881014466
0.7379229068756104 0.3429718017578125 0.023734629154205322 0.023735135793685913 0.001126462360844016
0.2544306516647339 0.0064532700926065445 0.027827024459838867 0.012835199013352394 0.0011253682896494865
0.7496370077133179 0.8389092683792114 0.05475407838821411 0.04794275760650635 0.001119281747378409
0.5794223546981812 0.657250165939331 0.03049767017364502 0.03380471467971802 0.00108815124258399
0.6794867515563965 0.38937753438949585 0.022480368614196777 0.024195343255996704 0.0010828751837834716
0.5997043251991272 0.8684037923812866 0.029892921447753906 0.02896636724472046 0.0010794438421726227
0.5754421353340149 0.8198770880699158 0.058068156242370605 0.051355719566345215 0.0010792608372867107
0.6114286184310913 0.6391127705574036 0.05446666479110718 0.0507662296295166 0.001077878288924694
0.31017351150512695 0.15374715626239777 0.0409664511680603 0.036813199520111084 0.0010539492359384894
0.6476621627807617 0.5655916929244995 0.04454237222671509 0.0343438982963562 0.0010427683591842651
0.8024786710739136 0.698688805103302 0.03263312578201294 0.03726375102996826 0.0010336519917473197
0.4140884280204773 0.03695450723171234 0.042769163846969604 0.03333397954702377 0.0010311350924894214
0.15839877724647522 0.46513044834136963 0.02033393085002899 0.022014707326889038 0.0010202641133219004
0.18968605995178223 0.5321108102798462 0.034827932715415955 0.04069596529006958 0.0010077797342091799
0.6487184762954712 0.27863413095474243 0.03350633382797241 0.033122479915618896 0.0009888776112347841
0.26230138540267944 0.01994466409087181 0.029738709330558777 0.025160133838653564 0.0009747958392836154
0.6772139072418213 0.9010041356086731 0.03922396898269653 0.03830087184906006 0.0009713683393783867
0.6389278769493103 0.6616930961608887 0.0657663345336914 0.070548415184021 0.0009586092201061547
0.6011570692062378 0.6374925374984741 0.06254631280899048 0.052545249462127686 0.0009570577531121671
0.20088456571102142 0.4385048747062683 0.03183937072753906 0.029027193784713745 0.0009497214341536164
0.448213666677475 0.04042240232229233 0.043242454528808594 0.032208289951086044 0.0009336610673926771
0.5701546669006348 0.49321281909942627 0.035179316997528076 0.03257158398628235 0.000929119298234582
0.6830021142959595 0.38882410526275635 0.014724373817443848 0.018471091985702515 0.0009226143592968583
0.2642207741737366 0.46197640895843506 0.02452629804611206 0.019820958375930786 0.0009176144958473742
0.28138720989227295 0.045355964452028275 0.0419592559337616 0.03390020132064819 0.0009057343122549355
0.7105430364608765 0.006662250962108374 0.03136157989501953 0.013324501924216747 0.0009053809335455298
0.7134273648262024 0.39204180240631104 0.023894548416137695 0.02257975935935974 0.0008963332511484623
0.3603403568267822 0.6181188821792603 0.014424324035644531 0.012601256370544434 0.0008905944996513426
0.5158364772796631 0.020307566970586777 0.03998321294784546 0.03028416633605957 0.0008902716217562556
0.3818146884441376 0.6437380313873291 0.03584480285644531 0.0292852520942688 0.0008765256498008966
0.6676627397537231 0.516664981842041 0.0339123010635376 0.028664588928222656 0.0008700460894033313
0.5540064573287964 0.48556822538375854 0.02639847993850708 0.02353498339653015 0.0008608038770034909
0.2795780301094055 0.8313900232315063 0.019605934619903564 0.022056937217712402 0.0008541974239051342
0.4352843761444092 0.04141973331570625 0.032032310962677 0.029372133314609528 0.0008478871313855052
