x y width height conf
0.40335899591445923 0.9197092056274414 0.02621680498123169 0.024371743202209473 0.5762863159179688
0.5672105550765991 0.7256213426589966 0.020306885242462158 0.01998615264892578 0.4691672921180725
0.43942633271217346 0.9237672090530396 0.024787724018096924 0.022663116455078125 0.4160756766796112
0.47404199838638306 0.8186568021774292 0.024954020977020264 0.025648891925811768 0.38268086314201355
0.6122766733169556 0.4773196280002594 0.023357391357421875 0.021369338035583496 0.37826281785964966
0.6059558987617493 0.8702449798583984 0.01837921142578125 0.018587112426757812 0.3762453496456146
0.3108893930912018 0.9880205392837524 0.02430325746536255 0.021770477294921875 0.3652660548686981
0.3659186363220215 0.5822705030441284 0.017487049102783203 0.016676723957061768 0.34155330061912537
0.5596092939376831 0.5672526359558105 0.02206319570541382 0.021102726459503174 0.32483571767807007
0.3879937529563904 0.9641642570495605 0.02003726363182068 0.01813948154449463 0.3157586455345154
0.5767862796783447 0.907869815826416 0.025076329708099365 0.022398769855499268 0.31298813223838806
0.28488287329673767 0.5244417190551758 0.03442883491516113 0.03188765048980713 0.2910497188568115
0.3657774329185486 0.5823416113853455 0.021978944540023804 0.020804405212402344 0.2822229564189911
0.42131632566452026 0.7722952961921692 0.02489718794822693 0.02398812770843506 0.25343087315559387
0.5896244049072266 0.8614917993545532 0.01809006929397583 0.017318904399871826 0.22227992117404938
0.37658610939979553 0.9915903806686401 0.02116227149963379 0.016761362552642822 0.22217880189418793
0.6119611263275146 0.4771099090576172 0.028447985649108887 0.026993364095687866 0.22132670879364014
0.47414442896842957 0.8178478479385376 0.029723167419433594 0.03096771240234375 0.19948171079158783
0.3868790864944458 0.964459240436554 0.024079054594039917 0.021701812744140625 0.19471824169158936
0.5664492845535278 0.7255218625068665 0.02545565366744995 0.024558305740356445 0.18758134543895721
0.21646609902381897 0.949881374835968 0.017321258783340454 0.019480466842651367 0.18106232583522797
0.6238099932670593 0.9395950436592102 0.016265392303466797 0.01604175567626953 0.17086653411388397
0.5988713502883911 0.7429203987121582 0.017576396465301514 0.017230212688446045 0.16680970788002014
0.4200201630592346 0.9528442621231079 0.028018295764923096 0.03032839298248291 0.1639854907989502
0.47807806730270386 0.8972924947738647 0.01610162854194641 0.014982044696807861 0.16261327266693115
0.5751086473464966 0.9092696905136108 0.03083091974258423 0.029240071773529053 0.14966240525245667
0.5874946713447571 0.8623287081718445 0.020233154296875 0.020746231079101562 0.1482306569814682
0.4224841594696045 0.7731083631515503 0.02846050262451172 0.027595698833465576 0.12308907508850098
0.5572357177734375 0.6787126064300537 0.023036599159240723 0.023253977298736572 0.11920773237943649
0.6054682731628418 0.8711950778961182 0.023553848266601562 0.024029195308685303 0.10589288175106049
0.6236631870269775 0.9396297931671143 0.019853174686431885 0.01984637975692749 0.105664923787117
0.2995479702949524 0.9609358310699463 0.03189796209335327 0.02726513147354126 0.10214340686798096
0.419339656829834 0.950839638710022 0.027361571788787842 0.028149008750915527 0.09259165823459625
0.28430867195129395 0.5241658687591553 0.041574716567993164 0.035350024700164795 0.08989999443292618
0.3348522484302521 0.9678848385810852 0.019613027572631836 0.01747417449951172 0.08428782224655151
0.41990816593170166 0.7726508378982544 0.03315046429634094 0.030543923377990723 0.08337310701608658
0.4217474162578583 0.9574093818664551 0.025946617126464844 0.02842503786087036 0.07020953297615051
0.41852015256881714 0.8855453729629517 0.019508570432662964 0.01931607723236084 0.06393052637577057
0.477470725774765 0.8973766565322876 0.021685123443603516 0.019270718097686768 0.06296557188034058
0.3471911549568176 0.982194185256958 0.026480764150619507 0.025265872478485107 0.05397577956318855
0.2017436921596527 0.5862683057785034 0.017352625727653503 0.017416179180145264 0.05211903527379036
0.36549097299575806 0.5828765034675598 0.025795847177505493 0.025632262229919434 0.04971984773874283
0.3085692524909973 0.9866851568222046 0.035932719707489014 0.02520221471786499 0.04854418709874153
0.4048737585544586 0.9194046258926392 0.033699214458465576 0.031067848205566406 0.04774003103375435
0.41795340180397034 0.8863683938980103 0.023401856422424316 0.02322310209274292 0.04686516895890236
0.22185692191123962 0.4029635787010193 0.02227984368801117 0.026856213808059692 0.04667789116501808
0.6230652332305908 0.9398804903030396 0.024894535541534424 0.022680282592773438 0.04565206542611122
0.3779505789279938 0.9909480810165405 0.025684595108032227 0.01810377836227417 0.044854890555143356
0.3773297071456909 0.9898877143859863 0.026267319917678833 0.020224571228027344 0.04377729073166847
0.5638453960418701 0.44228458404541016 0.019102871417999268 0.017778784036636353 0.04178474098443985
0.5603206753730774 0.5687574148178101 0.02789938449859619 0.028338849544525146 0.03943025320768356
0.5272656679153442 0.9094257354736328 0.01631718873977661 0.016305148601531982 0.03804100677371025
0.6097218990325928 0.4780842661857605 0.037189781665802 0.02999839186668396 0.03754117339849472
0.2710527777671814 0.16613100469112396 0.02722218632698059 0.02782893180847168 0.03724159672856331
0.6019397974014282 0.8675694465637207 0.031092524528503418 0.028709232807159424 0.034932807087898254
0.608620822429657 0.8705499172210693 0.027487754821777344 0.02096611261367798 0.034315306693315506
0.549781322479248 0.9725176095962524 0.019057631492614746 0.018161416053771973 0.03370280563831329
0.20144930481910706 0.5863060355186462 0.020973771810531616 0.021106243133544922 0.03291912004351616
0.32319897413253784 0.9314692616462708 0.033436089754104614 0.03133988380432129 0.03152342140674591
0.2955097556114197 0.9618566632270813 0.03604006767272949 0.03165745735168457 0.028993865475058556
0.32896536588668823 0.9366841316223145 0.02755102515220642 0.024383187294006348 0.028874345123767853
0.3188977837562561 0.9236890077590942 0.027258485555648804 0.02277010679244995 0.02700313739478588
0.6119165420532227 0.7098871469497681 0.012573719024658203 0.011345386505126953 0.025133715942502022
0.3724326193332672 0.7402201890945435 0.01704251766204834 0.017259955406188965 0.02469700202345848
0.2705589830875397 0.16577737033367157 0.025470376014709473 0.025914907455444336 0.02401721104979515
0.43930548429489136 0.9244785308837891 0.031064778566360474 0.029127120971679688 0.023426838219165802
0.5591597557067871 0.8775085210800171 0.01667940616607666 0.016011416912078857 0.020921124145388603
0.3807688057422638 0.9657771587371826 0.028679370880126953 0.02016502618789673 0.019296377897262573
0.5265088081359863 0.9099839925765991 0.019857585430145264 0.0193365216255188 0.018249304965138435
0.38278403878211975 0.9656140804290771 0.03322041034698486 0.025332629680633545 0.017737695947289467
0.21578732132911682 0.9495689272880554 0.022553294897079468 0.022426605224609375 0.01742357760667801
0.6606972217559814 0.6940327882766724 0.016684651374816895 0.019431471824645996 0.01737920753657818
0.48901522159576416 0.6524059772491455 0.02069893479347229 0.018022119998931885 0.01718924567103386
0.5973595380783081 0.743279755115509 0.02438896894454956 0.02372574806213379 0.015699824318289757
0.31890156865119934 0.9249781966209412 0.03419536352157593 0.03001117706298828 0.015170465223491192
0.4113427400588989 0.6222729086875916 0.01865902543067932 0.019687175750732422 0.015087493695318699
0.6016148328781128 0.7433793544769287 0.024679958820343018 0.021910250186920166 0.0140290642157197
0.48897427320480347 0.6520651578903198 0.02463480830192566 0.021649181842803955 0.012943011708557606
0.5083993673324585 0.4030987620353699 0.019636929035186768 0.018969804048538208 0.012754406780004501
0.5502091646194458 0.9740037322044373 0.02302950620651245 0.023408889770507812 0.01180066354572773
0.37315669655799866 0.9887963533401489 0.035870373249053955 0.022407352924346924 0.011791937053203583
0.5020295977592468 0.4330906271934509 0.015106230974197388 0.014219015836715698 0.01109334733337164
0.2225748598575592 0.40224212408065796 0.027100950479507446 0.0336931049823761 0.010496586561203003
0.6135251522064209 0.8718690872192383 0.024392247200012207 0.02257692813873291 0.010453587397933006
0.3452839255332947 0.9781074523925781 0.03270414471626282 0.029848098754882812 0.010178311727941036
0.4121432900428772 0.6229932904243469 0.022182554006576538 0.02424454689025879 0.010011330246925354
0.6612783670425415 0.6955287456512451 0.020900726318359375 0.024629414081573486 0.009825713001191616
0.6074870228767395 0.867357611656189 0.02861201763153076 0.028326213359832764 0.009774825535714626
0.5589618682861328 0.6804642677307129 0.02782881259918213 0.030449867248535156 0.009645989164710045
0.47643715143203735 0.8175745606422424 0.04003658890724182 0.03583216667175293 0.00944447610527277
0.37171369791030884 0.7417744994163513 0.022758007049560547 0.022077083587646484 0.009399482980370522
0.4345772862434387 0.8429373502731323 0.017791450023651123 0.017228305339813232 0.009100801311433315
0.39214110374450684 0.6702839136123657 0.013171613216400146 0.012863516807556152 0.008922740817070007
0.451363205909729 0.9635965824127197 0.016823381185531616 0.015345752239227295 0.00876719132065773
0.584701657295227 0.9689773321151733 0.014570832252502441 0.014581859111785889 0.008530527353286743
0.6394540667533875 0.4679134488105774 0.0132598876953125 0.014106929302215576 0.0081015694886446
0.6120040416717529 0.709926187992096 0.016255557537078857 0.013779401779174805 0.00780186103656888
0.1707575023174286 0.618267834186554 0.012492075562477112 0.013144850730895996 0.0076653240248560905
0.26977235078811646 0.16613471508026123 0.03276395797729492 0.030078217387199402 0.007448947057127953
0.6527642011642456 0.8473854064941406 0.0159112811088562 0.01666659116744995 0.007433571387082338
0.4828065037727356 0.7282054424285889 0.011133581399917603 0.011007905006408691 0.007392835337668657
0.27201616764068604 0.1657300740480423 0.03634461760520935 0.03462591767311096 0.007384162396192551
0.5632055997848511 0.4413909316062927 0.025234222412109375 0.02465638518333435 0.007349092047661543
0.5827104449272156 0.9692419171333313 0.01959705352783203 0.018710732460021973 0.007129970472306013
0.5601825714111328 0.8782157897949219 0.02070063352584839 0.02033919095993042 0.007086269091814756
0.5080654621124268 0.40279579162597656 0.023694932460784912 0.024183452129364014 0.0068344660103321075
0.20069900155067444 0.5873228311538696 0.028782129287719727 0.026414871215820312 0.006486634723842144
0.3300319314002991 0.9367672204971313 0.03383892774581909 0.029841601848602295 0.006449984852224588
0.3381878435611725 0.9654524326324463 0.030065715312957764 0.023701131343841553 0.006183099001646042
0.5663532018661499 0.9019138216972351 0.028512954711914062 0.02666473388671875 0.0059227170422673225
0.32541489601135254 0.9270790815353394 0.03515806794166565 0.031423985958099365 0.0058089615777134895
0.5067098736763 0.40372443199157715 0.025353163480758667 0.024134546518325806 0.005255325231701136
0.3120361864566803 0.9712854623794556 0.033266663551330566 0.03008347749710083 0.005228231195360422
0.5198650360107422 0.5393516421318054 0.014285266399383545 0.013902664184570312 0.005203339736908674
0.618979811668396 0.9425995349884033 0.02903038263320923 0.02312999963760376 0.004998561926186085
0.2832210063934326 0.5232115983963013 0.043618202209472656 0.03918039798736572 0.004910326097160578
0.41543906927108765 0.9389756917953491 0.03782728314399719 0.03968256711959839 0.004903809167444706
0.3673304617404938 0.5815286040306091 0.03323262929916382 0.030511856079101562 0.004798299167305231
0.5007944107055664 0.4329454302787781 0.01871967315673828 0.01712772250175476 0.004568552598357201
0.3012498915195465 0.9571335315704346 0.03567373752593994 0.03202897310256958 0.004392515867948532
0.5791146755218506 0.9063886404037476 0.034028828144073486 0.030482828617095947 0.004342322237789631
0.1305108666419983 0.929265022277832 0.02028699219226837 0.018878936767578125 0.0042368206195533276
0.5662963390350342 0.7262786030769348 0.03257471323013306 0.0386885404586792 0.004000389948487282
0.6054433584213257 0.5111088752746582 0.01960700750350952 0.018208861351013184 0.003918476868420839
0.41644734144210815 0.9583419561386108 0.03586941957473755 0.03392559289932251 0.003729811403900385
0.475759893655777 0.8226466178894043 0.031848907470703125 0.03266221284866333 0.003675762563943863
0.12367944419384003 0.6149753332138062 0.012581132352352142 0.013047397136688232 0.003589792177081108
0.42179572582244873 0.995861828327179 0.02750566601753235 0.00827634334564209 0.0034521352499723434
0.17755264043807983 0.6152409315109253 0.01946544647216797 0.017508089542388916 0.003433279227465391
0.480936735868454 0.8965997695922852 0.028832435607910156 0.023714065551757812 0.0034310026094317436
0.5646833181381226 0.8748633861541748 0.02541673183441162 0.023246586322784424 0.0033970174845308065
0.5578951239585876 0.5681647062301636 0.0352783203125 0.03355461359024048 0.003110922873020172
0.5191340446472168 0.539581298828125 0.01844632625579834 0.017321765422821045 0.0030034591909497976
0.6025493144989014 0.6892918348312378 0.02212470769882202 0.02445584535598755 0.0030026554595679045
0.27142971754074097 0.1707075834274292 0.030235379934310913 0.03255744278430939 0.0029466068372130394
0.2966371774673462 0.9709457159042358 0.040783315896987915 0.04824560880661011 0.0029447635170072317
0.6518281102180481 0.8478782773017883 0.0200345516204834 0.019731521606445312 0.002919119084253907
0.3083692789077759 0.38262617588043213 0.016134947538375854 0.014541715383529663 0.002874163445085287
0.7238098382949829 0.761089026927948 0.01746845245361328 0.01855945587158203 0.00275356019847095
0.3923088312149048 0.6700282096862793 0.017630785703659058 0.018195748329162598 0.002729977248236537
0.33416783809661865 0.9770708084106445 0.03525954484939575 0.03231656551361084 0.002723975805565715
0.651870608329773 0.8486320972442627 0.01791149377822876 0.020804226398468018 0.002710694447159767
0.18080644309520721 0.6127356290817261 0.015959858894348145 0.016932904720306396 0.0026578090619295835
0.4118143916130066 0.9953931570053101 0.02614423632621765 0.008204996585845947 0.002597945975139737
0.6362765431404114 0.4682232737541199 0.013867378234863281 0.019118696451187134 0.002435568254441023
0.4004627466201782 0.9240010976791382 0.034272581338882446 0.03563803434371948 0.0023759999312460423
0.41430941224098206 0.6180911064147949 0.028550922870635986 0.030665695667266846 0.002299859654158354
0.5064911842346191 0.8881226778030396 0.01836872100830078 0.016860365867614746 0.0022729879710823298
0.265152245759964 0.6175217032432556 0.016558468341827393 0.016206741333007812 0.002122124657034874
0.5498579740524292 0.972184419631958 0.029366672039031982 0.02536243200302124 0.0018594805151224136
0.5066500902175903 0.4030349850654602 0.030828118324279785 0.027833759784698486 0.0018499715952202678
0.476423442363739 0.896460235118866 0.03297862410545349 0.02756977081298828 0.001833579852245748
0.4507676959037781 0.9629408121109009 0.01995489001274109 0.018535614013671875 0.0018109804950654507
0.6239240765571594 0.6949102878570557 0.01765763759613037 0.017548680305480957 0.0018032179214060307
0.3796619474887848 0.9866548776626587 0.03654813766479492 0.026179909706115723 0.0017995113739743829
0.6222076416015625 0.9428635835647583 0.032389163970947266 0.03014218807220459 0.001732087810523808
0.11384257674217224 0.5632560849189758 0.01043207198381424 0.012817978858947754 0.0017169849015772343
0.30300790071487427 0.9633861780166626 0.03642529249191284 0.030306220054626465 0.0017030619783326983
0.30419206619262695 0.9821497201919556 0.044550031423568726 0.035264790058135986 0.0016976810293272138
0.3602561950683594 0.5817489624023438 0.0395871102809906 0.027379214763641357 0.0016665965085849166
0.21897611021995544 0.9492095112800598 0.02781696617603302 0.026399850845336914 0.0016397457802668214
0.13192911446094513 0.93004310131073 0.02711060643196106 0.023683011531829834 0.0016186684370040894
0.453482061624527 0.9615468978881836 0.021598637104034424 0.016508102416992188 0.0015210623387247324
0.1972101628780365 0.3078586459159851 0.022794827818870544 0.023342758417129517 0.0015076552517712116
0.6033267974853516 0.511663556098938 0.026518285274505615 0.02295053005218506 0.001473520533181727
0.585715651512146 0.9686725735664368 0.019420266151428223 0.01935577392578125 0.0014648261712864041
0.568485677242279 0.7216480374336243 0.03186988830566406 0.03456854820251465 0.0014348153490573168
0.46323901414871216 0.611893892288208 0.032349973917007446 0.03243362903594971 0.0013933536829426885
0.30135834217071533 0.2655869126319885 0.021974802017211914 0.02147480845451355 0.001346808043308556
0.6160025000572205 0.4793838560581207 0.038971900939941406 0.0357745885848999 0.0013243479188531637
0.5626214742660522 0.4442240595817566 0.030697286128997803 0.02778509259223938 0.001318377093411982
0.13394315540790558 0.5649288892745972 0.014226138591766357 0.015141606330871582 0.0012728427536785603
0.43309175968170166 0.99570631980896 0.03121015429496765 0.008587419986724854 0.0012701923260465264
0.5888376235961914 0.8685262203216553 0.03201925754547119 0.03719371557235718 0.0012089441297575831
0.21041616797447205 0.8148123621940613 0.012402430176734924 0.013514518737792969 0.0012065776390954852
0.4227828085422516 0.776085376739502 0.036274731159210205 0.03937816619873047 0.0011531388154253364
0.3216732144355774 0.985496997833252 0.043335676193237305 0.02714860439300537 0.0011393744498491287
0.30512720346450806 0.1657673418521881 0.02566543221473694 0.02472500503063202 0.0010985196568071842
0.5572981834411621 0.6793464422225952 0.03546100854873657 0.036594390869140625 0.0010732869850471616
0.12450715899467468 0.614829421043396 0.015349291265010834 0.01581871509552002 0.0010304648894816637
0.629202127456665 0.879425048828125 0.013990938663482666 0.014125823974609375 0.0010017401073127985
0.34378302097320557 0.5646346211433411 0.015125185251235962 0.012827515602111816 0.0009978718589991331
0.1978435069322586 0.3070853352546692 0.02580156922340393 0.025550752878189087 0.0009556080913171172
0.5983047485351562 0.45804673433303833 0.016356170177459717 0.014159023761749268 0.0009238889906555414
0.2807934880256653 0.5236259698867798 0.05434718728065491 0.04413372278213501 0.0009059724980033934
0.3761311173439026 0.7414381504058838 0.026891887187957764 0.023353159427642822 0.0008852817700244486
0.5675309896469116 0.9726535677909851 0.013227999210357666 0.016938209533691406 0.0008815447799861431
0.612458348274231 0.7109388113021851 0.02028900384902954 0.019611775875091553 0.0008758694748394191
0.4354235529899597 0.8409702777862549 0.020475775003433228 0.02287048101425171 0.0008218876319006085
0.6214020848274231 0.8730199933052063 0.0235440731048584 0.020722150802612305 0.0008197992574423552
0.17095625400543213 0.6194421052932739 0.020520105957984924 0.020597457885742188 0.0008171810768544674
0.3720983564853668 0.7440007925033569 0.0313643217086792 0.032168567180633545 0.0007918254123069346
0.4257766604423523 0.773724377155304 0.04082801938056946 0.030948996543884277 0.0007451901910826564
0.616002082824707 0.4674045145511627 0.028800368309020996 0.02888423204421997 0.0007435465813614428
0.19728901982307434 0.30754324793815613 0.02564091980457306 0.024866104125976562 0.0007057363400235772
0.44409021735191345 0.9958449602127075 0.026180267333984375 0.008310019969940186 0.0006970346439629793
0.23240432143211365 0.2335442304611206 0.023340120911598206 0.018617957830429077 0.0006803167052567005
0.5040381550788879 0.4101824164390564 0.03230440616607666 0.03396525979042053 0.0006652171723544598
0.4790867865085602 0.9001739025115967 0.027853786945343018 0.028539836406707764 0.0006597937899641693
0.5553556680679321 0.8791508674621582 0.027654826641082764 0.02398049831390381 0.0006577188614755869
0.3267630636692047 0.9312652349472046 0.04530459642410278 0.041886866092681885 0.0006570109399035573
0.2919014096260071 0.9855203628540039 0.0327305793762207 0.026192843914031982 0.0006434065289795399
0.1983034610748291 0.3055253028869629 0.026428505778312683 0.029293060302734375 0.0006327480659820139
0.1910955309867859 0.9424528479576111 0.015464231371879578 0.0207672119140625 0.0006233312888070941
0.5440523028373718 0.9723409414291382 0.029390811920166016 0.021445095539093018 0.0006050126394256949
0.3287517726421356 0.6912049055099487 0.01477360725402832 0.014603793621063232 0.0005876034265384078
0.34391307830810547 0.9645065069198608 0.03502407670021057 0.02954941987991333 0.000585203233640641
0.5645763874053955 0.5682497620582581 0.03936225175857544 0.025940656661987305 0.0005805621622130275
0.39327123761177063 0.671583890914917 0.022294163703918457 0.022784292697906494 0.0005740933120250702
0.2638162672519684 0.6188099384307861 0.020874321460723877 0.01916712522506714 0.000571835960727185
0.3931708335876465 0.5636183023452759 0.01643592119216919 0.014936625957489014 0.0005691948463208973
0.36906927824020386 0.9681971669197083 0.03386753797531128 0.02760004997253418 0.000568022602237761
0.5631166696548462 0.7250442504882812 0.04327887296676636 0.03476274013519287 0.0005615621921606362
0.6091402173042297 0.6891344785690308 0.02434384822845459 0.02241814136505127 0.0005451797042042017
0.2733325958251953 0.1756017804145813 0.03289240598678589 0.03502492606639862 0.0005362097290344536
0.6079311370849609 0.46567001938819885 0.03083360195159912 0.025048434734344482 0.000535183644387871
0.2886524796485901 0.522243320941925 0.048359960317611694 0.0399935245513916 0.0005250516114756465
0.5634700059890747 0.8828908205032349 0.02858632802963257 0.02187901735305786 0.0005201869644224644
0.5869365930557251 0.9628483057022095 0.018530189990997314 0.01846468448638916 0.0005183894536457956
0.5110839009284973 0.890942394733429 0.026700496673583984 0.02323305606842041 0.0005133767845109105
0.4289654791355133 0.5830022692680359 0.015116691589355469 0.014789581298828125 0.0005016979412175715
0.7233901023864746 0.7612589001655579 0.024239540100097656 0.02305126190185547 0.0005003492115065455
0.4008905291557312 0.920915961265564 0.04208347201347351 0.03709298372268677 0.0004989730077795684
0.6538811922073364 0.8466135263442993 0.023317694664001465 0.023494720458984375 0.0004742841119877994
0.5616832971572876 0.5724029541015625 0.030945181846618652 0.038544654846191406 0.000456219568150118
0.41845476627349854 0.6161767244338989 0.033428460359573364 0.039704859256744385 0.0004558524233289063
0.40529245138168335 0.9361510276794434 0.037658900022506714 0.04021531343460083 0.0004455512680578977
0.6044905185699463 0.6979230046272278 0.03471273183822632 0.0361863374710083 0.00044143214472569525
0.5834513902664185 0.8626425266265869 0.03331172466278076 0.025416195392608643 0.00044036671170033514
0.5536759495735168 0.9767048358917236 0.02826106548309326 0.02727586030960083 0.0004321302694734186
0.2974452078342438 0.1659494936466217 0.031305789947509766 0.03341646492481232 0.0004300373839214444
0.4132291078567505 0.6258498430252075 0.02652224898338318 0.03090745210647583 0.00042817273060791194
0.5238983631134033 0.9118971228599548 0.028142154216766357 0.021677017211914062 0.00042628488154150546
0.48383933305740356 0.6541617512702942 0.03553485870361328 0.02724432945251465 0.0004255396197549999
0.2370454967021942 0.23368549346923828 0.03865547478199005 0.027025550603866577 0.0004213348438497633
0.5525075197219849 0.8937280774116516 0.027753829956054688 0.02639925479888916 0.0004199146060273051
0.12920686602592468 0.932708203792572 0.02655033767223358 0.026422500610351562 0.00040560978231951594
0.22674807906150818 0.40255990624427795 0.03808985650539398 0.03686237335205078 0.0004009627737104893
0.4880010783672333 0.6561992168426514 0.0345119833946228 0.03102165460586548 0.00038216853863559663
0.7360223531723022 0.9443199634552002 0.014424145221710205 0.015238940715789795 0.00037879496812820435
0.5521979331970215 0.5671184062957764 0.03778648376464844 0.029545247554779053 0.0003773615462705493
0.6054140329360962 0.6820917129516602 0.026557743549346924 0.0356898307800293 0.0003764200082514435
0.45798459649086 0.9959431886672974 0.02538841962814331 0.008113682270050049 0.00037188781425356865
0.5765242576599121 0.7175263166427612 0.029655158519744873 0.02225780487060547 0.00037096469895914197
0.17125947773456573 0.6148004531860352 0.023852884769439697 0.02647608518600464 0.00036014412762597203
0.30502161383628845 0.2678373456001282 0.03497791290283203 0.03198075294494629 0.0003589168773032725
0.32347193360328674 0.9212366342544556 0.04171550273895264 0.0317230224609375 0.000356563541572541
0.3196609914302826 0.9164355993270874 0.029095888137817383 0.024845540523529053 0.00035226173349656165
0.35503706336021423 0.24863243103027344 0.01941823959350586 0.017345532774925232 0.00034867372596636415
0.6153371334075928 0.9465165138244629 0.025361716747283936 0.024754881858825684 0.0003439127467572689
0.3100290298461914 0.38219714164733887 0.02120843529701233 0.018704980611801147 0.0003401902213227004
0.4196247160434723 0.8820411562919617 0.028071999549865723 0.029836654663085938 0.00033970814547501504
0.5602895021438599 0.44130295515060425 0.03712385892868042 0.027932733297348022 0.0003393517399672419
0.22588908672332764 0.39711689949035645 0.03098602592945099 0.033123016357421875 0.00033856925438158214
0.59205162525177 0.7208642959594727 0.038625121116638184 0.03465479612350464 0.0003352292696945369
0.41892319917678833 0.3356357216835022 0.02006131410598755 0.018370211124420166 0.0003338304813951254
0.6040669679641724 0.48025795817375183 0.04398256540298462 0.036074161529541016 0.000330721668433398
0.555774450302124 0.974016010761261 0.03739506006240845 0.027878999710083008 0.00032642611768096685
0.5458669662475586 0.92644864320755 0.017302513122558594 0.015145540237426758 0.0003231877344660461
0.27956992387771606 0.23203739523887634 0.025332272052764893 0.021508589386940002 0.0003156652383040637
0.5692713856697083 0.9958646893501282 0.025302648544311523 0.007866501808166504 0.0003110274556092918
0.3560439348220825 0.451629638671875 0.023804277181625366 0.02613869309425354 0.0003074990527238697
0.15809983015060425 0.604108452796936 0.012895017862319946 0.013995528221130371 0.0003064194752369076
0.577879786491394 0.729853093624115 0.03297823667526245 0.0361781120300293 0.00030611405964009464
0.6298328638076782 0.4831337034702301 0.026127934455871582 0.027803242206573486 0.0003043781325686723
0.5781055092811584 0.9215314984321594 0.031809210777282715 0.026995062828063965 0.00030344893457368016
0.4346734881401062 0.8458753824234009 0.022225946187973022 0.025535225868225098 0.0003000680007971823
0.4570194482803345 0.9315413236618042 0.025585919618606567 0.024571001529693604 0.0002978369011543691
0.49100005626678467 0.652489960193634 0.036723703145980835 0.03036665916442871 0.00028968320111744106
0.33974313735961914 0.9415668845176697 0.03889617323875427 0.031467437744140625 0.0002877302758861333
0.4260963499546051 0.9705463647842407 0.0390661358833313 0.03817903995513916 0.0002873673220165074
0.4091152250766754 0.6229910850524902 0.03504228591918945 0.030784785747528076 0.0002866889408323914
0.45897525548934937 0.6103458404541016 0.03938379883766174 0.040389835834503174 0.0002850308082997799
0.6631700992584229 0.6978789567947388 0.023737728595733643 0.03316420316696167 0.0002847570285666734
0.4911799430847168 0.8931591510772705 0.038720935583114624 0.029379308223724365 0.0002842083340510726
0.5581931471824646 0.9953520894050598 0.03309917449951172 0.009295821189880371 0.0002831772726494819
0.5208795666694641 0.539999783039093 0.023718833923339844 0.021197199821472168 0.00026226058253087103
0.47462350130081177 0.807515025138855 0.03394287824630737 0.03237682580947876 0.00025867068325169384
0.329012930393219 0.6907267570495605 0.020497113466262817 0.017760634422302246 0.0002559427230153233
0.6215277910232544 0.6960678100585938 0.02806490659713745 0.02808511257171631 0.0002558734267950058
0.5133698582649231 0.9006813168525696 0.03157007694244385 0.030862092971801758 0.00025457132142037153
0.5492476224899292 0.9679205417633057 0.024951279163360596 0.026635348796844482 0.0002514007210265845
0.5287022590637207 0.9031416177749634 0.02873408794403076 0.030307769775390625 0.0002476705121807754
0.1268189549446106 0.6144107580184937 0.02004443109035492 0.019487082958221436 0.00024753547040745616
0.24478453397750854 0.2502027153968811 0.03796176612377167 0.03225518763065338 0.0002400321827735752
0.6094009876251221 0.6669797897338867 0.018497109413146973 0.01861715316772461 0.0002383630198892206
0.4357881546020508 0.8406810760498047 0.023259639739990234 0.024465560913085938 0.000237659303820692
0.2790193557739258 0.8816803097724915 0.011799752712249756 0.01157987117767334 0.00023646882618777454
0.4139701724052429 0.9892538189888 0.022551149129867554 0.014134645462036133 0.00023561337729915977
0.3560366630554199 0.45201340317726135 0.020678997039794922 0.019724488258361816 0.00023262450122274458
0.2667384147644043 0.6159787178039551 0.021764934062957764 0.023158669471740723 0.00023245729971677065
0.6271028518676758 0.93988037109375 0.037002623081207275 0.02661895751953125 0.00022834137780591846
0.4672253727912903 0.9960016012191772 0.02233704924583435 0.007996737957000732 0.00022696891392115504
0.536799430847168 0.9073770642280579 0.027379095554351807 0.03043532371520996 0.00022397516295313835
0.5922420620918274 0.7467920780181885 0.03154492378234863 0.030226051807403564 0.0002233707782579586
0.25508248805999756 0.9957821369171143 0.023600265383720398 0.00843578577041626 0.0002198055590270087
0.11421310901641846 0.5645700693130493 0.013221167027950287 0.014630675315856934 0.00021874350204598159
0.5961921215057373 0.6867796182632446 0.024722158908843994 0.024351298809051514 0.00021290134463924915
0.5093979239463806 0.4067615270614624 0.034310370683670044 0.03164753317832947 0.00020634121028706431
0.6323924660682678 0.9777129888534546 0.01589357852935791 0.014210164546966553 0.0002038300590356812
