x y width height conf
0.7778284549713135 0.600269079208374 0.028286516666412354 0.029017269611358643 0.4784539043903351
0.6617094278335571 0.9208084344863892 0.021618664264678955 0.01984405517578125 0.40945541858673096
0.663401186466217 0.6590273976325989 0.02021479606628418 0.01817953586578369 0.30800575017929077
0.510519802570343 0.6631034016609192 0.038080811500549316 0.03257596492767334 0.2887462079524994
0.6628708839416504 0.9207925796508789 0.026445746421813965 0.023415744304656982 0.260359525680542
0.5016501545906067 0.7018321752548218 0.03363350033760071 0.029719531536102295 0.247674360871315
0.5835138559341431 0.6917442679405212 0.04500102996826172 0.03685474395751953 0.23223276436328888
0.19635887444019318 0.8995140194892883 0.019881784915924072 0.01876378059387207 0.2212759107351303
0.28195884823799133 0.7178159952163696 0.01970231533050537 0.01906675100326538 0.20904867351055145
0.6411281228065491 0.38868194818496704 0.023682713508605957 0.02266693115234375 0.1821810007095337
0.5020341873168945 0.7014024257659912 0.03395327925682068 0.030900180339813232 0.17510870099067688
0.6632713675498962 0.6599209904670715 0.026093482971191406 0.024583816528320312 0.16561295092105865
0.6407326459884644 0.7306903004646301 0.03549748659133911 0.04408419132232666 0.16286997497081757
0.5078302621841431 0.7682418823242188 0.02975904941558838 0.02960759401321411 0.15981259942054749
0.5096177458763123 0.7728500366210938 0.035828620195388794 0.04063147306442261 0.1493414342403412
0.1971965730190277 0.9000847935676575 0.025233134627342224 0.023291349411010742 0.14451394975185394
0.28178608417510986 0.7180916666984558 0.0238741934299469 0.023002147674560547 0.1430606245994568
0.6158368587493896 0.7786579132080078 0.021369457244873047 0.019669532775878906 0.14120326936244965
0.6377593278884888 0.7250550985336304 0.030532240867614746 0.03610748052597046 0.136993870139122
0.7113105058670044 0.5240259170532227 0.017491817474365234 0.016309380531311035 0.13090623915195465
0.4221564531326294 0.7012791633605957 0.027105718851089478 0.025914251804351807 0.12610699236392975
0.5125632882118225 0.663489580154419 0.047017306089401245 0.03945350646972656 0.12347978353500366
0.5019292831420898 0.9622591137886047 0.03353261947631836 0.032321929931640625 0.12300427258014679
0.6153671741485596 0.7793041467666626 0.028283298015594482 0.02665156126022339 0.119163379073143
0.5542376041412354 0.9209243059158325 0.024874866008758545 0.021717429161071777 0.11538734287023544
0.6435554623603821 0.7376028299331665 0.030112028121948242 0.0339849591255188 0.11407621204853058
0.5547116994857788 0.9229408502578735 0.03204900026321411 0.028285205364227295 0.10989020764827728
0.5801394581794739 0.6990708112716675 0.051783084869384766 0.04959946870803833 0.10650721937417984
0.40842342376708984 0.6781724095344543 0.02693575620651245 0.024455547332763672 0.10438986867666245
0.5633148550987244 0.942882239818573 0.03278160095214844 0.02794933319091797 0.10015975683927536
0.6230598092079163 0.5958598852157593 0.01730489730834961 0.016813576221466064 0.09895062446594238
0.6147121787071228 0.7792367339134216 0.025726795196533203 0.023833751678466797 0.09678367525339127
0.5031148791313171 0.9626791477203369 0.029261797666549683 0.028525173664093018 0.09440495073795319
0.5692036151885986 0.7066619396209717 0.03348046541213989 0.039048612117767334 0.09266643971204758
0.20688119530677795 0.4715673327445984 0.02619771659374237 0.031136780977249146 0.0861709862947464
0.5864107608795166 0.7304741740226746 0.020593225955963135 0.01806497573852539 0.08346451818943024
0.5498693585395813 0.9257986545562744 0.02583909034729004 0.027020633220672607 0.08112209290266037
0.6658960580825806 0.9180509448051453 0.030167222023010254 0.026769638061523438 0.0740734189748764
0.5019707679748535 0.7039004564285278 0.04030916094779968 0.036712467670440674 0.06551025062799454
0.5639704465866089 0.9449728727340698 0.028033077716827393 0.02021557092666626 0.06550437957048416
0.4539966583251953 0.70171058177948 0.0302770733833313 0.02760106325149536 0.06498467922210693
0.5597221851348877 0.9312984943389893 0.03494912385940552 0.043087780475616455 0.06227988377213478
0.510619044303894 0.7784167528152466 0.04065573215484619 0.04550808668136597 0.06152423471212387
0.40915125608444214 0.6777241230010986 0.03591957688331604 0.02983623743057251 0.0580730102956295
0.28253036737442017 0.7191610336303711 0.02781820297241211 0.028376221656799316 0.05691681057214737
0.7423241138458252 0.5671820640563965 0.011789143085479736 0.011201858520507812 0.0565149188041687
0.58437579870224 0.7307363748550415 0.02629375457763672 0.022777199745178223 0.05233427509665489
0.40745416283607483 0.7562501430511475 0.02495872974395752 0.022417187690734863 0.05197787657380104
0.7500507831573486 0.2559978663921356 0.020477116107940674 0.01934625208377838 0.05001248046755791
0.5822935104370117 0.22880899906158447 0.020110785961151123 0.01911291480064392 0.0499124638736248
0.5837454199790955 0.2291117012500763 0.026111602783203125 0.02349686622619629 0.04983803629875183
0.6756943464279175 0.8906967639923096 0.017387568950653076 0.017121493816375732 0.0481647253036499
0.504409670829773 0.9630074501037598 0.0368310809135437 0.033976197242736816 0.0458763986825943
0.5769343376159668 0.7165229916572571 0.049337029457092285 0.045104384422302246 0.044061046093702316
0.4079495668411255 0.7559432983398438 0.01935938000679016 0.018096745014190674 0.04333951696753502
0.5507943630218506 0.9282058477401733 0.03299003839492798 0.032550036907196045 0.04253304377198219
0.7777044177055359 0.6013086438179016 0.032111167907714844 0.03848099708557129 0.04239705204963684
0.5987944602966309 0.5719089508056641 0.024884402751922607 0.02095472812652588 0.040650624781847
0.6373386979103088 0.7179621458053589 0.03232729434967041 0.030672729015350342 0.03895708918571472
0.20873793959617615 0.46967434883117676 0.031233221292495728 0.037433624267578125 0.03548925369977951
0.5739779472351074 0.7505160570144653 0.02376347780227661 0.020509421825408936 0.0350404791533947
0.8234398365020752 0.48185455799102783 0.01578444242477417 0.014895826578140259 0.03438163921236992
0.21022722125053406 0.46855437755584717 0.023862406611442566 0.032093316316604614 0.03335288539528847
0.49942272901535034 0.9618539810180664 0.044725388288497925 0.040019214153289795 0.03234937787055969
0.4549098014831543 0.7015154957771301 0.036310017108917236 0.03305685520172119 0.03104516491293907
0.5549030303955078 0.9186099767684937 0.034311115741729736 0.030884206295013428 0.029659006744623184
0.6631123423576355 0.6577075123786926 0.03115558624267578 0.030908584594726562 0.028615809977054596
0.20211261510849 0.4739364683628082 0.02152414619922638 0.02630770206451416 0.028110317885875702
0.5012480616569519 0.7010288238525391 0.046214014291763306 0.036547839641571045 0.02691750042140484
0.6698319911956787 0.9161930084228516 0.02959519624710083 0.024706244468688965 0.026269737631082535
0.5079542398452759 0.6686673164367676 0.043548762798309326 0.04464244842529297 0.02539738453924656
0.6185097694396973 0.7781282663345337 0.03473109006881714 0.027271747589111328 0.02310471422970295
0.6232172250747681 0.5973623394966125 0.023677706718444824 0.02355027198791504 0.0230276919901371
0.19501502811908722 0.8995340466499329 0.031872451305389404 0.0271453857421875 0.022371511906385422
0.6142248511314392 0.78081214427948 0.03133392333984375 0.030670583248138428 0.021622998639941216
0.644243597984314 0.7419352531433105 0.03420811891555786 0.03610354661941528 0.02034713700413704
0.5117440223693848 0.6623148918151855 0.060917675495147705 0.04789888858795166 0.020201023668050766
0.43915849924087524 0.7030854821205139 0.04607468843460083 0.03392207622528076 0.019918784499168396
0.6246950626373291 0.1494847536087036 0.01996380090713501 0.018332913517951965 0.019692856818437576
0.5075849890708923 0.6755255460739136 0.049820929765701294 0.06234931945800781 0.01878325454890728
0.5116544961929321 0.7751288414001465 0.04803374409675598 0.04675590991973877 0.018413973972201347
0.6432249546051025 0.38902249932289124 0.03095191717147827 0.02885913848876953 0.01778915338218212
0.7421258091926575 0.5676323771476746 0.016213178634643555 0.015635967254638672 0.016941243782639503
0.5864765644073486 0.6902338266372681 0.05661982297897339 0.04924142360687256 0.016882797703146935
0.2541980743408203 0.8894764184951782 0.02422541379928589 0.02298814058303833 0.016702746972441673
0.5058473944664001 0.7676666378974915 0.04406920075416565 0.0401386022567749 0.014617620036005974
0.5681596994400024 0.7511757016181946 0.0361863374710083 0.028060317039489746 0.014528544619679451
0.6792919635772705 0.6812366247177124 0.018634259700775146 0.0176619291305542 0.014494230970740318
0.40875044465065 0.7565606236457825 0.026445746421813965 0.023228883743286133 0.013960763812065125
0.580127477645874 0.22905759513378143 0.028436005115509033 0.025855064392089844 0.012669917196035385
0.7108720541000366 0.524005115032196 0.025939583778381348 0.025595664978027344 0.012604339979588985
0.8486576080322266 0.21408815681934357 0.0313262939453125 0.025824934244155884 0.012447905726730824
0.4158744812011719 0.6979221105575562 0.039327263832092285 0.03185766935348511 0.012006054632365704
0.8465454578399658 0.2152979075908661 0.035241663455963135 0.03266914188861847 0.011882590129971504
0.3615819215774536 0.9158390164375305 0.02347397804260254 0.0216827392578125 0.011823027394711971
0.46168962121009827 0.646396815776825 0.04013270139694214 0.028870105743408203 0.011574700474739075
0.7499911785125732 0.2551329731941223 0.02525860071182251 0.027000322937965393 0.011441431008279324
0.6401487588882446 0.39081478118896484 0.03218650817871094 0.035617053508758545 0.010790728963911533
0.6682189702987671 0.6640222072601318 0.03678339719772339 0.03362995386123657 0.010208322666585445
0.45257535576820374 0.6983497738838196 0.038437485694885254 0.03461766242980957 0.010082907043397427
0.5936568975448608 0.37841105461120605 0.021575748920440674 0.02031347155570984 0.010004338808357716
0.45152512192726135 0.7060863971710205 0.03636014461517334 0.039137303829193115 0.009409602731466293
0.6062610745429993 0.7500537037849426 0.01843869686126709 0.01892685890197754 0.009269239380955696
0.4652511179447174 0.6419687271118164 0.03859889507293701 0.03103196620941162 0.009137873537838459
0.39382633566856384 0.7068690061569214 0.02192401885986328 0.021484851837158203 0.009066944010555744
0.6229690313339233 0.5975459814071655 0.02913910150527954 0.025779306888580322 0.00906501617282629
0.5880112648010254 0.831894040107727 0.023028254508972168 0.022112667560577393 0.008955474942922592
0.6760361790657043 0.8902373313903809 0.021088600158691406 0.020322203636169434 0.008835863322019577
0.5494037866592407 0.9238044619560242 0.04249221086502075 0.03954887390136719 0.008639630861580372
0.5667691230773926 0.945010781288147 0.032846271991729736 0.024926364421844482 0.008619499392807484
0.5072291493415833 0.3583693504333496 0.019109517335891724 0.017083346843719482 0.008516511879861355
0.4999012351036072 0.7042274475097656 0.04958382248878479 0.04732149839401245 0.00841557513922453
0.5952891111373901 0.44584017992019653 0.023176372051239014 0.02100887894630432 0.00833801832050085
0.4242982864379883 0.7035632133483887 0.04190739989280701 0.037091076374053955 0.00784158892929554
0.39157864451408386 0.7346765398979187 0.018399715423583984 0.01564502716064453 0.00777250062674284
0.5473160743713379 0.43519726395606995 0.017463862895965576 0.017219185829162598 0.007358894217759371
0.40751752257347107 0.6951826214790344 0.045153141021728516 0.04072833061218262 0.006884334608912468
0.8463432788848877 0.6617294549942017 0.014108836650848389 0.014307618141174316 0.006598837208002806
0.5615938305854797 0.7113004922866821 0.047279953956604004 0.0426410436630249 0.006436601746827364
0.6616778373718262 0.9231544733047485 0.02967357635498047 0.0320514440536499 0.006251073442399502
0.4085816442966461 0.7581096887588501 0.03049767017364502 0.029016852378845215 0.006180980708450079
0.4989859163761139 0.6585500836372375 0.076732337474823 0.05063509941101074 0.006122917868196964
0.4607810974121094 0.6456573009490967 0.0413554310798645 0.034620463848114014 0.006098411977291107
0.5237033367156982 0.6619524359703064 0.05486735701560974 0.038176536560058594 0.00608915276825428
0.5932418704032898 0.37806999683380127 0.025604248046875 0.025968879461288452 0.006061982363462448
0.8108192682266235 0.6351752877235413 0.01339644193649292 0.012518167495727539 0.005701253656297922
0.4610897898674011 0.549778938293457 0.03039190173149109 0.030610859394073486 0.00565539114177227
0.4077457785606384 0.7556848526000977 0.030530720949172974 0.028443992137908936 0.005581889301538467
0.6414201259613037 0.35676103830337524 0.02557140588760376 0.020448386669158936 0.00553657952696085
0.6767484545707703 0.6808278560638428 0.025519371032714844 0.019621551036834717 0.005438557360321283
0.392744779586792 0.7347503900527954 0.02236613631248474 0.018870532512664795 0.005365618970245123
0.7818576097488403 0.4017951488494873 0.014609932899475098 0.014375120401382446 0.005333705339580774
0.5975852012634277 0.5717940926551819 0.032014667987823486 0.02731764316558838 0.005316359456628561
0.34524545073509216 0.7868784666061401 0.022711515426635742 0.023255646228790283 0.00526769133284688
0.586699366569519 0.7377064228057861 0.03583317995071411 0.03583943843841553 0.005230247974395752
0.44590091705322266 0.6993825435638428 0.04935416579246521 0.03601318597793579 0.0051343985833227634
0.5480822324752808 0.43470507860183716 0.021447718143463135 0.020506083965301514 0.005058572627604008
0.6163426637649536 0.777077317237854 0.036468684673309326 0.035153746604919434 0.005006040446460247
0.8294340372085571 0.6493027806282043 0.01719510555267334 0.01579117774963379 0.004995790310204029
0.5672376155853271 0.7166541218757629 0.047267377376556396 0.04619932174682617 0.00498857581987977
0.6401429176330566 0.35695749521255493 0.01782238483428955 0.017006874084472656 0.004965716507285833
0.4012523591518402 0.7470894455909729 0.03229641914367676 0.028561830520629883 0.004875438287854195
0.601489782333374 0.5699154734611511 0.029704272747039795 0.02373981475830078 0.004874540958553553
0.8106130361557007 0.6352249383926392 0.011844217777252197 0.010427474975585938 0.004800449125468731
0.4958955645561218 0.7280848026275635 0.033034831285476685 0.020373880863189697 0.004767098464071751
0.6057702302932739 0.7796061635017395 0.034716010093688965 0.031068086624145508 0.0046629332937300205
0.5081242322921753 0.362989217042923 0.02765706181526184 0.02780461311340332 0.004541344940662384
0.8192901611328125 0.5246383547782898 0.017755508422851562 0.018482208251953125 0.004453275352716446
0.6188834309577942 0.5415408611297607 0.021182656288146973 0.020610392093658447 0.004433525260537863
0.6066857576370239 0.7502933740615845 0.01776278018951416 0.017848968505859375 0.004379844758659601
0.36199951171875 0.9156492948532104 0.02785283327102661 0.026327908039093018 0.004283261019736528
0.5946025848388672 0.44534602761268616 0.02898120880126953 0.026478886604309082 0.004240976646542549
0.8733888864517212 0.6313776969909668 0.011946320533752441 0.012022972106933594 0.004211502615362406
0.17125360667705536 0.5094581842422485 0.02942514419555664 0.025458037853240967 0.004181080497801304
0.7420342564582825 0.6115110516548157 0.020350217819213867 0.023166656494140625 0.004134291782975197
0.6361815929412842 0.7748492360115051 0.022560298442840576 0.023282647132873535 0.004121497739106417
0.5858078002929688 0.8336917161941528 0.029169440269470215 0.026471495628356934 0.004117812030017376
0.5587121248245239 0.36382001638412476 0.01545482873916626 0.014194101095199585 0.003957068547606468
0.6392189264297485 0.7740523815155029 0.01811695098876953 0.019352734088897705 0.003744059707969427
0.3756464123725891 0.9394080638885498 0.019389718770980835 0.016447603702545166 0.0037260393146425486
0.6338310241699219 0.5005056262016296 0.01678752899169922 0.01689288020133972 0.003690374782308936
0.5125342607498169 0.7753450870513916 0.054772406816482544 0.05458879470825195 0.0036681636702269316
0.25676989555358887 0.88991779088974 0.03073468804359436 0.027935028076171875 0.003416170133277774
0.173045814037323 0.5139696598052979 0.025120064616203308 0.017617404460906982 0.0033142082393169403
0.4793095588684082 0.43732595443725586 0.03714856505393982 0.052321046590805054 0.003303976496681571
0.5952872037887573 0.6859906315803528 0.054924190044403076 0.04346144199371338 0.0032849370036274195
0.6514166593551636 0.9804664850234985 0.018103182315826416 0.01796567440032959 0.003248350927606225
0.8201090097427368 0.4491659998893738 0.016428351402282715 0.016269415616989136 0.0032043212559074163
0.6334625482559204 0.7336277961730957 0.056493937969207764 0.050515830516815186 0.0031987852416932583
0.6205863952636719 0.6010506749153137 0.035591304302215576 0.03341233730316162 0.0031969123519957066
0.4995929002761841 0.7144104242324829 0.05397513508796692 0.04882889986038208 0.003071226179599762
0.34231019020080566 0.7859390377998352 0.029130280017852783 0.028497695922851562 0.0030514332465827465
0.5752484798431396 0.7439858913421631 0.048533618450164795 0.04505842924118042 0.003018471645191312
0.2801826596260071 0.718827486038208 0.04041984677314758 0.034001171588897705 0.003008659463375807
0.6071203947067261 0.49828118085861206 0.017414867877960205 0.017138689756393433 0.0029324356000870466
0.4582883417606354 0.5502574443817139 0.038711369037628174 0.034407734870910645 0.0028922625351697206
0.4919755160808563 0.7230349779129028 0.03693145513534546 0.036244869232177734 0.002870087046176195
0.3108988404273987 0.7283563613891602 0.018263041973114014 0.019538938999176025 0.0028617638163268566
0.17096181213855743 0.5057572722434998 0.026397526264190674 0.026142507791519165 0.002852600533515215
0.502142608165741 0.37757933139801025 0.018782109022140503 0.015719205141067505 0.0028328716289252043
0.26993316411972046 0.5692563056945801 0.011632651090621948 0.011748194694519043 0.0028227067086845636
0.3138810694217682 0.7293567657470703 0.015657246112823486 0.016057968139648438 0.002775714499875903
0.5746958255767822 0.7837105989456177 0.02275782823562622 0.022039055824279785 0.002775028347969055
0.7085413336753845 0.5245040655136108 0.033954620361328125 0.025816142559051514 0.002763873664662242
0.5943611264228821 0.6895900964736938 0.04518008232116699 0.04052656888961792 0.0027466423343867064
0.5759891271591187 0.7536723613739014 0.03223651647567749 0.02725428342819214 0.002733817556872964
0.3594426214694977 0.9165515899658203 0.036619365215301514 0.030260860919952393 0.0026833682786673307
0.45928919315338135 0.5500335693359375 0.04089811444282532 0.037820398807525635 0.002610222203657031
0.5066255927085876 0.3668851852416992 0.03342285752296448 0.036153316497802734 0.0026001883670687675
0.5645098686218262 0.7617419362068176 0.0411607027053833 0.04492819309234619 0.0025800401344895363
0.6307140588760376 0.7152855396270752 0.032002806663513184 0.02948552370071411 0.0025569519493728876
0.582606315612793 0.2297004759311676 0.03231388330459595 0.03179149329662323 0.002497357316315174
0.5468318462371826 0.43586236238479614 0.024870455265045166 0.025498956441879272 0.0023795131128281355
0.8222739100456238 0.47922879457473755 0.023054122924804688 0.022596538066864014 0.002331637078896165
0.13856247067451477 0.5071080923080444 0.014867782592773438 0.014213383197784424 0.0023304326459765434
0.5793278217315674 0.23046451807022095 0.03220421075820923 0.03321690857410431 0.002304984722286463
0.8206169009208679 0.46804895997047424 0.016315460205078125 0.013790130615234375 0.0023028948344290257
0.852820873260498 0.21392643451690674 0.024679958820343018 0.0231076180934906 0.002254440216347575
0.5590392351150513 0.3633885979652405 0.01872795820236206 0.016888707876205444 0.0022543652448803186
0.635289192199707 0.3885951042175293 0.040183424949645996 0.03573617339134216 0.002226449316367507
0.50897616147995 0.8643461465835571 0.030541926622390747 0.02816927433013916 0.0021781008690595627
0.40525785088539124 0.6827489733695984 0.046052753925323486 0.042926788330078125 0.0021029075141996145
0.2850123643875122 0.7240607738494873 0.03134801983833313 0.03744751214981079 0.0020406118128448725
0.6080194711685181 0.7800067067146301 0.04328995943069458 0.04077410697937012 0.0020187776535749435
0.5052452683448792 0.7715011835098267 0.05656889081001282 0.050732433795928955 0.0020105342846363783
0.1215677559375763 0.9959729313850403 0.018184810876846313 0.008054137229919434 0.0019810511730611324
0.46371376514434814 0.5462944507598877 0.04619160294532776 0.04540044069290161 0.0019647006411105394
0.5664869546890259 0.9458745121955872 0.03349459171295166 0.026647567749023438 0.0019134205067530274
0.5843567848205566 0.8297438025474548 0.030471622943878174 0.02779388427734375 0.0019102341029793024
0.41239702701568604 0.7060742378234863 0.04730919003486633 0.034395039081573486 0.0019102211808785796
0.5421693325042725 0.7140471935272217 0.04084354639053345 0.04089409112930298 0.001904033008031547
0.6205316781997681 0.5900794863700867 0.023918449878692627 0.02797985076904297 0.0018469698261469603
0.463907927274704 0.5433694124221802 0.032607078552246094 0.035148799419403076 0.0018436963437125087
0.3920794129371643 0.7070755958557129 0.027917295694351196 0.026634395122528076 0.0018202097853645682
0.47868621349334717 0.44497328996658325 0.03737106919288635 0.03945094347000122 0.0017853871686384082
0.41466933488845825 0.6865873336791992 0.042078763246536255 0.043817877769470215 0.001763623207807541
0.7387818098068237 0.08487671613693237 0.029379308223724365 0.02980826050043106 0.0017178922425955534
0.632062554359436 0.3897506296634674 0.03332483768463135 0.03200387954711914 0.001689615659415722
0.5559022426605225 0.7187983989715576 0.05144798755645752 0.05192422866821289 0.0016037824098020792
0.5027549266815186 0.374935507774353 0.024793237447738647 0.02349439263343811 0.001596400048583746
0.6233304142951965 0.3408010005950928 0.01727128028869629 0.01582154631614685 0.0015775581123307347
0.46482259035110474 0.6103779673576355 0.034583866596221924 0.030199050903320312 0.0015649370616301894
0.4792095124721527 0.43068352341651917 0.031455039978027344 0.041986286640167236 0.0015521877212449908
0.6156851649284363 0.7369407415390015 0.03842926025390625 0.041836321353912354 0.0015503502218052745
0.4631972312927246 0.5470229387283325 0.036192893981933594 0.031974971294403076 0.0015467171324416995
0.5584416389465332 0.9444591999053955 0.043558478355407715 0.03872150182723999 0.001538477255962789
0.39149022102355957 0.7362326383590698 0.0296994149684906 0.026990413665771484 0.00153324322309345
0.5498652458190918 0.9321273565292358 0.05329400300979614 0.05323582887649536 0.0014849035069346428
0.44838279485702515 0.6957487463951111 0.03883591294288635 0.03648233413696289 0.001475874101743102
0.5054692029953003 0.3591463565826416 0.029483497142791748 0.026021242141723633 0.0014453749172389507
0.46331921219825745 0.6089746952056885 0.02936631441116333 0.027428090572357178 0.0014341268688440323
0.6016858220100403 0.9586718082427979 0.023336052894592285 0.021285593509674072 0.0013983100652694702
0.8457191586494446 0.21699683368206024 0.036046624183654785 0.03566336631774902 0.0013967514969408512
0.6019246578216553 0.5697327852249146 0.038510024547576904 0.03230363130569458 0.0013914209557697177
0.82429039478302 0.48327380418777466 0.023719608783721924 0.02404242753982544 0.0013596273493021727
0.5713814496994019 0.7628248333930969 0.03847140073776245 0.04476046562194824 0.0013593010371550918
0.6199630498886108 0.5413211584091187 0.019335925579071045 0.018553555011749268 0.0013575467746704817
0.6233806610107422 0.5941349267959595 0.029841601848602295 0.028518974781036377 0.0013491574209183455
0.834697961807251 0.6520724296569824 0.025536954402923584 0.027023911476135254 0.0013462386559695005
0.42012062668800354 0.6098756194114685 0.03488653898239136 0.03384971618652344 0.0013439531903713942
0.5586321353912354 0.7746764421463013 0.02893775701522827 0.02584552764892578 0.001324554905295372
0.6198194622993469 0.5406603217124939 0.023488998413085938 0.023107528686523438 0.0013193506747484207
0.3646702766418457 0.9162907004356384 0.039312660694122314 0.033206939697265625 0.0012970361858606339
0.556993305683136 0.7431505918502808 0.0469057559967041 0.045154035091400146 0.0012479072902351618
0.5646060109138489 0.8153225183486938 0.028237104415893555 0.03149527311325073 0.0012127270456403494
0.12405192852020264 0.9955681562423706 0.023789457976818085 0.008863747119903564 0.0012012366205453873
0.8210842609405518 0.6443086266517639 0.016717493534088135 0.017964959144592285 0.0011884091654792428
0.20075801014900208 0.8984956741333008 0.03937864303588867 0.031020760536193848 0.0011777051258832216
0.5964312553405762 0.4432190954685211 0.036302924156188965 0.032874464988708496 0.0011578281410038471
0.5618559122085571 0.9238367080688477 0.0449712872505188 0.044138312339782715 0.0011448794975876808
0.28900620341300964 0.7237456440925598 0.042792320251464844 0.03464627265930176 0.0011438718065619469
0.6603488922119141 0.6576030254364014 0.04033392667770386 0.03518253564834595 0.001130706281401217
0.4788327217102051 0.4444953203201294 0.03543204069137573 0.0404258668422699 0.0011097879614681005
0.6465549468994141 0.36962080001831055 0.027141034603118896 0.015310198068618774 0.001084744930267334
0.6796401739120483 0.6832872629165649 0.02546679973602295 0.026460587978363037 0.0010833446867763996
0.8897640705108643 0.6791980266571045 0.01203078031539917 0.014426767826080322 0.001076613087207079
0.6796461343765259 0.2811088562011719 0.026675879955291748 0.030868828296661377 0.001075297361239791
0.7821685075759888 0.401381254196167 0.0183868408203125 0.018109798431396484 0.0010740692960098386
0.0038284268230199814 0.883047878742218 0.007656853646039963 0.01616060733795166 0.001060769776813686
0.844840407371521 0.21826215088367462 0.02881699800491333 0.028527170419692993 0.001044826814904809
0.515394926071167 0.7527700066566467 0.03711375594139099 0.029030919075012207 0.0010431226110085845
0.24104616045951843 0.7272473573684692 0.020907923579216003 0.02005922794342041 0.0010333404643461108
0.6369088888168335 0.3593732714653015 0.029253780841827393 0.0231478214263916 0.001032362226396799
0.822140097618103 0.4669690728187561 0.02521282434463501 0.025723755359649658 0.0010183326667174697
0.6348499059677124 0.5016883015632629 0.02165621519088745 0.021230220794677734 0.0010125412372872233
0.5106312036514282 0.7564874887466431 0.04141619801521301 0.03366053104400635 0.001004527322947979
0.6745613813400269 0.8876970410346985 0.02915710210800171 0.02351069450378418 0.00099416624289006
0.8490480184555054 0.25670886039733887 0.018298327922821045 0.022063255310058594 0.0009782921988517046
0.8256760835647583 0.4480973482131958 0.02104109525680542 0.019037455320358276 0.0009755028877407312
0.4079512655735016 0.671332597732544 0.03648597002029419 0.034341275691986084 0.0009610032429918647
0.521862804889679 0.9957444667816162 0.029809951782226562 0.008511126041412354 0.0009598868782632053
0.6497380137443542 0.7373436689376831 0.04429054260253906 0.04445463418960571 0.0009552030242048204
0.8744344711303711 0.6318038702011108 0.015150070190429688 0.015300214290618896 0.000945584790315479
0.6039020419120789 0.49994906783103943 0.026952743530273438 0.028521716594696045 0.0009403098374605179
0.8487847447395325 0.6616443395614624 0.01789379119873047 0.01687830686569214 0.0009308954467996955
0.7405374050140381 0.5676491260528564 0.021033167839050293 0.018809854984283447 0.0009247881243936718
0.19772228598594666 0.9026390314102173 0.03300897777080536 0.03601038455963135 0.0009204880916513503
0.3926208019256592 0.7093507051467896 0.026248067617416382 0.02631378173828125 0.0009131203405559063
0.4056340456008911 0.7476685047149658 0.03516694903373718 0.032800376415252686 0.0009105982026085258
0.8261640667915344 0.6516096591949463 0.01842367649078369 0.01803290843963623 0.0008803126402199268
0.46755629777908325 0.6116645336151123 0.04059046506881714 0.029948770999908447 0.0008627737988717854
0.5680049657821655 0.7008850574493408 0.06913220882415771 0.05850273370742798 0.0008609609212726355
0.39174550771713257 0.7182963490486145 0.03149786591529846 0.03383159637451172 0.0008317386382259429
0.5702887773513794 0.48492640256881714 0.029924213886260986 0.030563920736312866 0.0008131743525154889
0.6090222597122192 0.49884122610092163 0.023907244205474854 0.023655623197555542 0.0008059937972575426
0.5928729176521301 0.5740945935249329 0.037920236587524414 0.03663277626037598 0.0008030736353248358
0.6223568916320801 0.6114565134048462 0.026603519916534424 0.025677621364593506 0.0008024302660487592
0.5911585092544556 0.7310889363288879 0.035899817943573 0.037912964820861816 0.0008015530183911324
0.368766188621521 0.9341788291931152 0.03177866339683533 0.021211981773376465 0.000796199485193938
0.5394571423530579 0.259316086769104 0.019009828567504883 0.018974989652633667 0.0007871403358876705
0.8267362713813782 0.48032426834106445 0.02513432502746582 0.021058648824691772 0.0007830365793779492
0.5235501527786255 0.9548553228378296 0.03215634822845459 0.03183859586715698 0.0007724171737208962
0.7932193279266357 0.7103674411773682 0.02229541540145874 0.019870340824127197 0.0007661482086405158
0.5919055938720703 0.3811001181602478 0.032188236713409424 0.032397329807281494 0.0007654243381693959
0.6771689057350159 0.6656426191329956 0.033500075340270996 0.03288048505783081 0.000754531123675406
0.5605193972587585 0.7516921758651733 0.051512718200683594 0.0439068078994751 0.0007530883303843439
0.5704206228256226 0.48910659551620483 0.03862917423248291 0.03972187638282776 0.0007526493282057345
0.5766485929489136 0.8320622444152832 0.03472954034805298 0.02440088987350464 0.0007507828413508832
0.5968445539474487 0.8961490988731384 0.02725428342819214 0.0296478271484375 0.0007460641791112721
0.5924583077430725 0.7248613238334656 0.032926321029663086 0.03245115280151367 0.0007439488545060158
