x y width height conf
0.2932042181491852 0.7907392978668213 0.029003918170928955 0.031175434589385986 0.5025539398193359
0.4035053849220276 0.5136075019836426 0.041075319051742554 0.042044103145599365 0.48482075333595276
0.4572889506816864 0.4463074803352356 0.015033721923828125 0.01517525315284729 0.34468066692352295
0.27856144309043884 0.5364806056022644 0.03018951416015625 0.02674245834350586 0.3438747227191925
0.5883643627166748 0.23011748492717743 0.020484983921051025 0.01994609832763672 0.3143034875392914
0.33488208055496216 0.7853474617004395 0.029994338750839233 0.03163427114486694 0.3085598349571228
0.34889936447143555 0.7242140769958496 0.022190898656845093 0.020408332347869873 0.2818353772163391
0.6255980730056763 0.43823927640914917 0.03244227170944214 0.029893308877944946 0.27642855048179626
0.2720795273780823 0.6627088785171509 0.02343234419822693 0.022085368633270264 0.27388665080070496
0.4305132031440735 0.9213728904724121 0.024661928415298462 0.021999716758728027 0.2644995450973511
0.41588258743286133 0.6913741230964661 0.0438726544380188 0.034792542457580566 0.26151835918426514
0.3984890580177307 0.8140500783920288 0.020527929067611694 0.021128833293914795 0.25525426864624023
0.37123095989227295 0.767572283744812 0.022733032703399658 0.019871532917022705 0.2541486918926239
0.41356468200683594 0.6933733224868774 0.04399409890174866 0.03257179260253906 0.2519858479499817
0.37830138206481934 0.8070793151855469 0.023822277784347534 0.020906805992126465 0.25084468722343445
0.29592886567115784 0.6211966276168823 0.03201901912689209 0.02979975938796997 0.2413185089826584
0.48188018798828125 0.8618605136871338 0.03390234708786011 0.03063887357711792 0.2376822680234909
0.364827036857605 0.6291692852973938 0.019389361143112183 0.017843246459960938 0.23555946350097656
0.5235315561294556 0.851099967956543 0.029369354248046875 0.030500054359436035 0.2281544804573059
0.40110331773757935 0.8927948474884033 0.027676284313201904 0.023167073726654053 0.2211032509803772
0.588219165802002 0.22968268394470215 0.024145305156707764 0.024212077260017395 0.21826986968517303
0.6710729598999023 0.47768479585647583 0.030361175537109375 0.034675031900405884 0.21659432351589203
0.33207911252975464 0.5408781170845032 0.03516492247581482 0.02913498878479004 0.2135513871908188
0.4821757376194 0.8621566891670227 0.03554743528366089 0.030324935913085938 0.21275979280471802
0.3778320550918579 0.8074016571044922 0.025000303983688354 0.02306652069091797 0.20863032341003418
0.5195150375366211 0.5079230070114136 0.024029195308685303 0.023043453693389893 0.2041255235671997
0.38439565896987915 0.8117599487304688 0.03506821393966675 0.026793301105499268 0.19943350553512573
0.44045162200927734 0.6114739179611206 0.031728923320770264 0.03267139196395874 0.1887679100036621
0.409493625164032 0.6965742111206055 0.04505613446235657 0.034092485904693604 0.1883995085954666
0.5842888355255127 0.8296985626220703 0.024445056915283203 0.026148617267608643 0.1712576299905777
0.4402826428413391 0.61174476146698 0.03149804472923279 0.03182250261306763 0.170010045170784
0.5554822087287903 0.907280445098877 0.021936655044555664 0.026195168495178223 0.1661316454410553
0.3993754982948303 0.731094241142273 0.02473202347755432 0.020225822925567627 0.15740956366062164
0.3269645571708679 0.5418035984039307 0.029858022928237915 0.026460349559783936 0.14170563220977783
0.4007093608379364 0.5169185400009155 0.05105733871459961 0.051789939403533936 0.14105156064033508
0.4563026428222656 0.4460507333278656 0.020232200622558594 0.02047252655029297 0.13395409286022186
0.5209059715270996 0.3698640465736389 0.014422774314880371 0.012792974710464478 0.130026713013649
0.4017757475376129 0.8931639194488525 0.028362631797790527 0.023878872394561768 0.12738864123821259
0.3382401168346405 0.5369839668273926 0.04145002365112305 0.036433398723602295 0.12513990700244904
0.36549293994903564 0.629867434501648 0.024342447519302368 0.021241724491119385 0.11812733858823776
0.4434163272380829 0.7962138056755066 0.027892112731933594 0.021466732025146484 0.11531678587198257
0.45873427391052246 0.50124591588974 0.017749488353729248 0.01666584610939026 0.10774491727352142
0.27895697951316833 0.5314469337463379 0.030823707580566406 0.03179025650024414 0.09347423911094666
0.42984142899513245 0.9221986532211304 0.029950499534606934 0.025950610637664795 0.08719544857740402
0.5808343291282654 0.829124927520752 0.03244304656982422 0.03155195713043213 0.08622025698423386
0.44198495149612427 0.6116870045661926 0.035020262002944946 0.03333842754364014 0.08589614927768707
0.4538319706916809 0.8187049627304077 0.03889617323875427 0.030501186847686768 0.08359622210264206
0.362866073846817 0.6577650308609009 0.0234258770942688 0.020413994789123535 0.08213786780834198
0.5881804823875427 0.2294502556324005 0.02275848388671875 0.024683624505996704 0.07901123911142349
0.3840658664703369 0.6059393882751465 0.03030937910079956 0.029718518257141113 0.07871469110250473
0.34822261333465576 0.5234057903289795 0.02549871802330017 0.02348273992538452 0.07547108829021454
0.5197088718414307 0.8559696674346924 0.03415650129318237 0.03438609838485718 0.07364765554666519
0.3425779342651367 0.8027408123016357 0.025155365467071533 0.018314898014068604 0.06822945922613144
0.4538538455963135 0.8167790174484253 0.03752145171165466 0.03532522916793823 0.06449737399816513
0.532962441444397 0.528587818145752 0.019000351428985596 0.016385257244110107 0.06293772906064987
0.6523717045783997 0.4809519648551941 0.01644420623779297 0.02048131823539734 0.061123382300138474
0.2778572142124176 0.5358520150184631 0.03701579570770264 0.03424668312072754 0.05827174335718155
0.2868630290031433 0.5668176412582397 0.02805289626121521 0.02335304021835327 0.05703166499733925
0.5054707527160645 0.1671934425830841 0.01094752550125122 0.011140719056129456 0.05688543990254402
0.48389899730682373 0.9507673382759094 0.02463701367378235 0.01946890354156494 0.05486143380403519
0.4794517755508423 0.8581390380859375 0.03419342637062073 0.03343278169631958 0.05360890179872513
0.29745030403137207 0.6211934089660645 0.037369728088378906 0.03227788209915161 0.053305745124816895
0.25564247369766235 0.3313033878803253 0.01894766092300415 0.017311930656433105 0.053095150738954544
0.44697821140289307 0.7997268438339233 0.03887632489204407 0.03183925151824951 0.052213914692401886
0.4594517946243286 0.5011774897575378 0.022405534982681274 0.02009102702140808 0.05064648017287254
0.3435378074645996 0.6239733695983887 0.02004718780517578 0.018859505653381348 0.0506364181637764
0.40253567695617676 0.7306278347969055 0.02966061234474182 0.024852514266967773 0.05044080689549446
0.27444830536842346 0.6634066700935364 0.030479907989501953 0.02780306339263916 0.04648137837648392
0.3714906573295593 0.7667106986045837 0.025167882442474365 0.023606300354003906 0.0446368083357811
0.4012439250946045 0.8945839405059814 0.03178280591964722 0.02887171506881714 0.04336995258927345
0.5328936576843262 0.9083507657051086 0.019738197326660156 0.021157026290893555 0.04326322674751282
0.4224816560745239 0.6937761306762695 0.037391096353530884 0.031076788902282715 0.04261251911520958
0.6547471284866333 0.4275030791759491 0.012632012367248535 0.013007640838623047 0.041781630367040634
0.5199531316757202 0.508508563041687 0.027929842472076416 0.027030080556869507 0.041710514575242996
0.3275887072086334 0.5450795888900757 0.038831353187561035 0.03311365842819214 0.04160651937127113
0.34918737411499023 0.5277924537658691 0.027338504791259766 0.03081643581390381 0.041365597397089005
0.4010128378868103 0.8944337964057922 0.03139504790306091 0.028769254684448242 0.03859792277216911
0.2540486454963684 0.6113826036453247 0.023422256112098694 0.02166062593460083 0.03803432360291481
0.5521045327186584 0.8305165767669678 0.030053138732910156 0.028016865253448486 0.03741397708654404
0.44437944889068604 0.7991493940353394 0.03884449601173401 0.02773994207382202 0.03702617809176445
0.4087175130844116 0.5486079454421997 0.03636160492897034 0.02346479892730713 0.03662850335240364
0.6748249530792236 0.48184317350387573 0.03470563888549805 0.03880593180656433 0.03596917912364006
0.3717659115791321 0.7670707702636719 0.02719658613204956 0.024679183959960938 0.03527379781007767
0.44408637285232544 0.7962460517883301 0.029137611389160156 0.02349531650543213 0.035009823739528656
0.23328515887260437 0.3298027217388153 0.013616129755973816 0.013134479522705078 0.03317774832248688
0.3482852578163147 0.8224418759346008 0.020674705505371094 0.019557595252990723 0.03298947587609291
0.5352957248687744 0.5271081924438477 0.022921621799468994 0.018482863903045654 0.03296692669391632
0.5915095806121826 0.9043178558349609 0.01898103952407837 0.021489322185516357 0.03231123089790344
0.34934425354003906 0.7241180539131165 0.030679166316986084 0.02702808380126953 0.032196640968322754
0.6502910852432251 0.4818340837955475 0.016721904277801514 0.01821821928024292 0.031220844015479088
0.29131537675857544 0.580633282661438 0.03658244013786316 0.036376774311065674 0.030760392546653748
0.2884055972099304 0.5684865117073059 0.030843526124954224 0.028159737586975098 0.02873462438583374
0.23249903321266174 0.33147484064102173 0.017731904983520508 0.01737871766090393 0.028516028076410294
0.5188317894935608 0.8582826852798462 0.03167319297790527 0.029421448707580566 0.02795535884797573
0.2904159128665924 0.5755375027656555 0.03794050216674805 0.038550615310668945 0.027496371418237686
0.5502917766571045 0.9077062606811523 0.02768474817276001 0.025855422019958496 0.027203068137168884
0.3407636284828186 0.6246124505996704 0.025786489248275757 0.0227697491645813 0.02652844414114952
0.5194448232650757 0.5066663026809692 0.028068959712982178 0.028493672609329224 0.02591281197965145
0.249898761510849 0.642382025718689 0.024012580513954163 0.021930277347564697 0.025035295635461807
0.3314298093318939 0.782783031463623 0.03227663040161133 0.03467714786529541 0.024853374809026718
0.6773208379745483 0.49886268377304077 0.03267556428909302 0.03471091389656067 0.024265188723802567
0.568008303642273 0.2262021005153656 0.013487040996551514 0.015919312834739685 0.02371736615896225
0.2692822515964508 0.6619821786880493 0.03319132328033447 0.027665138244628906 0.023660747334361076
0.5217800140380859 0.36713337898254395 0.022859394550323486 0.01904192566871643 0.02336735837161541
0.36838310956954956 0.5385122299194336 0.018672555685043335 0.0176427960395813 0.022641489282250404
0.5257844924926758 0.3595142662525177 0.017211854457855225 0.016904890537261963 0.021189894527196884
0.6194577217102051 0.5225036144256592 0.01897066831588745 0.01848238706588745 0.020979328081011772
0.40295088291168213 0.6968233585357666 0.03768843412399292 0.03203856945037842 0.02084258198738098
0.2940189838409424 0.589748203754425 0.032346904277801514 0.02346062660217285 0.020772263407707214
0.33784571290016174 0.7905652523040771 0.03774452209472656 0.03891998529434204 0.020301496610045433
0.34350648522377014 0.5305663347244263 0.038308799266815186 0.03846067190170288 0.018871719017624855
0.5546895265579224 0.8290530443191528 0.04560166597366333 0.03847771883010864 0.01886715367436409
0.5320378541946411 0.8433755040168762 0.049950599670410156 0.0526355504989624 0.018689142540097237
0.626754641532898 0.43930405378341675 0.038036882877349854 0.03438261151313782 0.01866193860769272
0.5312277674674988 0.9106031656265259 0.023012161254882812 0.027473270893096924 0.0184775497764349
0.67747962474823 0.5626534819602966 0.01850658655166626 0.020182132720947266 0.018199114128947258
0.5414813756942749 0.2542274594306946 0.015304088592529297 0.0181942880153656 0.01786237582564354
0.2859629690647125 0.5651258230209351 0.02941983938217163 0.02474159002304077 0.017761828377842903
0.3459097146987915 0.5342181921005249 0.051545530557632446 0.03565448522567749 0.01703495904803276
0.43440714478492737 0.6126234531402588 0.03805750608444214 0.03508561849594116 0.016860540956258774
0.5426843762397766 0.25457850098609924 0.01874101161956787 0.021423161029815674 0.016603514552116394
0.5569338798522949 0.9067089557647705 0.028195202350616455 0.03075486421585083 0.01650046743452549
0.517848551273346 0.8826143145561218 0.021179914474487305 0.01807403564453125 0.0160120390355587
0.41016292572021484 0.5282135009765625 0.039239972829818726 0.04181993007659912 0.015992900356650352
0.36342430114746094 0.6594003438949585 0.02638956904411316 0.024173378944396973 0.015990806743502617
0.5240147709846497 0.36170685291290283 0.02192866802215576 0.02374228835105896 0.015891551971435547
0.4115794599056244 0.43291178345680237 0.014148235321044922 0.011971652507781982 0.01549583300948143
0.5212165713310242 0.8546699285507202 0.03653430938720703 0.035770952701568604 0.014797004871070385
0.623654842376709 0.43343424797058105 0.031578242778778076 0.03667193651199341 0.014777205884456635
0.4375532269477844 0.8421314358711243 0.029125601053237915 0.020601272583007812 0.014695174060761929
0.5778433084487915 0.8282546997070312 0.03786623477935791 0.04093438386917114 0.014422033913433552
0.29362931847572327 0.5855734348297119 0.03700226545333862 0.030340611934661865 0.014313162304461002
0.37658753991127014 0.8081382513046265 0.03179931640625 0.02681523561477661 0.013823132961988449
0.33927440643310547 0.7900502681732178 0.03835248947143555 0.03495544195175171 0.013734101317822933
0.45533859729766846 0.44652241468429565 0.025844186544418335 0.023031622171401978 0.013507835566997528
0.3489498198032379 0.7254894971847534 0.029685020446777344 0.02831953763961792 0.01332986168563366
0.4389863610267639 0.6132079362869263 0.03830385208129883 0.0420498251914978 0.013090902008116245
0.5206810235977173 0.5067348480224609 0.03031635284423828 0.029785722494125366 0.012456461787223816
0.4513142704963684 0.8222751617431641 0.043792158365249634 0.03453332185745239 0.012242809869349003
0.41224920749664307 0.43405357003211975 0.012140065431594849 0.011086583137512207 0.0121858986094594
0.3814483880996704 0.6044374704360962 0.03242376446723938 0.030205905437469482 0.011918161064386368
0.48228657245635986 0.9502947330474854 0.030942708253860474 0.02244800329208374 0.011418291367590427
0.6216446161270142 0.41717806458473206 0.019606471061706543 0.013148665428161621 0.0113414591178298
0.45719021558761597 0.4964854121208191 0.027510851621627808 0.02911493182182312 0.011278275400400162
0.4307693839073181 0.919723391532898 0.031136244535446167 0.02974015474319458 0.011247843503952026
0.4003639221191406 0.5291886329650879 0.055208414793014526 0.06537950038909912 0.011149332858622074
0.4525081515312195 0.8066819310188293 0.04422512650489807 0.03728508949279785 0.011025330983102322
0.5265828371047974 0.8508116602897644 0.04367643594741821 0.03826618194580078 0.010946590453386307
0.39565137028694153 0.8176358938217163 0.0317918062210083 0.030216753482818604 0.010923150926828384
0.4108494222164154 0.5502651929855347 0.027294158935546875 0.02117365598678589 0.010548478923738003
0.2379991114139557 0.5624638795852661 0.02568979561328888 0.024277865886688232 0.01052496861666441
0.2532435357570648 0.3308393359184265 0.024489209055900574 0.019640177488327026 0.010461905971169472
0.2577204406261444 0.33159005641937256 0.02646876871585846 0.02140846848487854 0.009824779815971851
0.41685792803764343 0.6849740743637085 0.040296316146850586 0.037323176860809326 0.009756923653185368
0.45731210708618164 0.5019650459289551 0.023400485515594482 0.02474147081375122 0.00949515774846077
0.3677116930484772 0.6286309957504272 0.032382845878601074 0.02521878480911255 0.009357644245028496
0.31753504276275635 0.5462433695793152 0.02893313765525818 0.029841899871826172 0.009247496724128723
0.4504910707473755 0.8089818954467773 0.043742746114730835 0.042567431926727295 0.009111987426877022
0.44311726093292236 0.9926850199699402 0.01946219801902771 0.014553070068359375 0.008695077151060104
0.6191364526748657 0.5231305956840515 0.022212982177734375 0.021884918212890625 0.008613144978880882
0.24919015169143677 0.6418963670730591 0.033303797245025635 0.02689594030380249 0.008594869635999203
0.2851908206939697 0.5680258870124817 0.041630446910858154 0.032059669494628906 0.008512533269822598
0.34062904119491577 0.6231554746627808 0.029553115367889404 0.027651488780975342 0.008475098758935928
0.4402967095375061 0.8403289914131165 0.03305339813232422 0.028229475021362305 0.008401202969253063
0.3927375078201294 0.5548708438873291 0.023971617221832275 0.019805729389190674 0.008317788131535053
0.47875091433525085 0.8693039417266846 0.04332011938095093 0.044262707233428955 0.00815848633646965
0.2455713301897049 0.6453860402107239 0.02590617537498474 0.023498177528381348 0.008151459507644176
0.5100019574165344 0.38571080565452576 0.013333916664123535 0.01144552230834961 0.00813643354922533
0.44294875860214233 0.4987296462059021 0.01851692795753479 0.018718808889389038 0.007911032997071743
0.2479117214679718 0.6481218934059143 0.027235746383666992 0.0340728759765625 0.007859012112021446
0.5319504737854004 0.528427004814148 0.020083606243133545 0.022016704082489014 0.007793677970767021
0.6060941815376282 0.6879631876945496 0.017496705055236816 0.020290374755859375 0.007288273423910141
0.6005117893218994 0.493976891040802 0.014409482479095459 0.013834387063980103 0.007280904799699783
0.590096116065979 0.6927093267440796 0.01743316650390625 0.01742607355117798 0.007104261312633753
0.5895742177963257 0.6919804811477661 0.021848082542419434 0.02118748426437378 0.007081003859639168
0.5884456634521484 0.9064710140228271 0.02389848232269287 0.0257604718208313 0.00673739705234766
0.44812095165252686 0.6669542789459229 0.014014452695846558 0.014464974403381348 0.006725941319018602
0.2713739573955536 0.665203869342804 0.03253364562988281 0.03537869453430176 0.006629628594964743
0.5385466814041138 0.6336222887039185 0.019085288047790527 0.01787024736404419 0.006455982103943825
0.2980634570121765 0.79022216796875 0.04127192497253418 0.04303818941116333 0.006298222579061985
0.5199111700057983 0.8780683875083923 0.03199976682662964 0.02796173095703125 0.00620603421702981
0.36731064319610596 0.5393812656402588 0.023682326078414917 0.028991878032684326 0.006117688026279211
0.4441014230251312 0.8354570865631104 0.044363975524902344 0.03069072961807251 0.005690944846719503
0.451244056224823 0.8131731748580933 0.05234166979789734 0.04650992155075073 0.005576782859861851
0.41168656945228577 0.7952836155891418 0.019347012042999268 0.019297242164611816 0.005541155114769936
0.3467622995376587 0.8010636568069458 0.028585165739059448 0.02675497531890869 0.005518132355064154
0.45435333251953125 0.4994000792503357 0.031119167804718018 0.026062220335006714 0.005395777057856321
0.35147082805633545 0.5973958969116211 0.018316060304641724 0.01770627498626709 0.005379924550652504
0.6302968263626099 0.44104447960853577 0.036744654178619385 0.03616541624069214 0.005368319805711508
0.40707337856292725 0.6011117100715637 0.019367069005966187 0.02546381950378418 0.0052916668355464935
0.3341626226902008 0.5564595460891724 0.039841651916503906 0.04268312454223633 0.005174608901143074
0.3465723991394043 0.5214045643806458 0.029868781566619873 0.02484583854675293 0.0051285927183926105
0.29920488595962524 0.621630072593689 0.04308205842971802 0.03404325246810913 0.005079988390207291
0.5820420980453491 0.17374089360237122 0.013582050800323486 0.013933330774307251 0.005044391844421625
0.4745633006095886 0.8976039886474609 0.03949984908103943 0.028435707092285156 0.004992709495127201
0.6630353927612305 0.48260298371315 0.038497328758239746 0.03132307529449463 0.00498071638867259
0.5770525336265564 0.35217875242233276 0.010717391967773438 0.01207616925239563 0.004920607432723045
0.754175066947937 0.505436897277832 0.017884910106658936 0.01834830641746521 0.004852721933275461
0.5056286454200745 0.16698920726776123 0.016915708780288696 0.017323821783065796 0.004832490812987089
0.23769330978393555 0.562950849533081 0.026677057147026062 0.025746166706085205 0.004805082455277443
0.40760892629623413 0.724502444267273 0.04551944136619568 0.04031318426132202 0.004773203749209642
0.3996320366859436 0.7022641897201538 0.041820019483566284 0.03347122669219971 0.00465850904583931
0.2814020812511444 0.5507440567016602 0.039379119873046875 0.039710819721221924 0.004538948647677898
0.19455547630786896 0.6211725473403931 0.03234297037124634 0.03575628995895386 0.004402386490255594
0.36317598819732666 0.6459808945655823 0.0290185809135437 0.03464198112487793 0.004351927433162928
0.4558202028274536 0.48379603028297424 0.02228870987892151 0.01713275909423828 0.0043391091749072075
0.4337789714336395 0.8419744372367859 0.037589073181152344 0.025403976440429688 0.004327158909291029
0.5394120216369629 0.6343834400177002 0.02594393491744995 0.02339094877243042 0.004309594165533781
0.3974422514438629 0.8922649621963501 0.03784739971160889 0.029590964317321777 0.004307495430111885
0.25845685601234436 0.6146245002746582 0.034763336181640625 0.032465457916259766 0.004193053115159273
0.313850075006485 0.5532853603363037 0.02382439374923706 0.030463695526123047 0.004101744387298822
0.5273734331130981 0.846095860004425 0.041899681091308594 0.04020726680755615 0.004020392429083586
0.42515498399734497 0.9181133508682251 0.041383564472198486 0.0360601544380188 0.0039896853268146515
0.38824373483657837 0.5233651399612427 0.0609736442565918 0.053970932960510254 0.003967661410570145
0.32819533348083496 0.7892003059387207 0.031366825103759766 0.049382805824279785 0.003817664459347725
0.6681954860687256 0.5289052724838257 0.013988018035888672 0.014615476131439209 0.003804081818088889
0.5885878801345825 0.9062755703926086 0.02735358476638794 0.033274054527282715 0.0037812807131558657
0.25127673149108887 0.6445387601852417 0.031956955790519714 0.024952232837677002 0.003719863248988986
0.3727889657020569 0.6176191568374634 0.04533395171165466 0.04480665922164917 0.003637203248217702
0.2444573938846588 0.6448913812637329 0.03229223191738129 0.03162461519241333 0.0035320192109793425
0.3838643729686737 0.5334596633911133 0.050866127014160156 0.04788297414779663 0.0034811936784535646
0.6563642024993896 0.4270888864994049 0.01827901601791382 0.01921004056930542 0.0034729524049907923
0.1946626454591751 0.6222548484802246 0.03215736150741577 0.034637629985809326 0.0034545427188277245
0.3677840232849121 0.6441910266876221 0.03664538264274597 0.026250481605529785 0.0034245781134814024
0.4173697829246521 0.7953211069107056 0.020065516233444214 0.02182137966156006 0.0033548239152878523
0.3902638256549835 0.8172114491462708 0.03650784492492676 0.03453850746154785 0.0033108959905803204
0.6224457621574402 0.41182461380958557 0.014875411987304688 0.013089358806610107 0.003263457678258419
0.4689486622810364 0.9009159803390503 0.03297978639602661 0.02604907751083374 0.003131803357973695
0.4165504574775696 0.6873260736465454 0.04476699233055115 0.041801512241363525 0.0030080832075327635
0.583453893661499 0.5054509043693542 0.018208980560302734 0.015039652585983276 0.0029913722537457943
0.37749436497688293 0.5555000901222229 0.025467276573181152 0.020810723304748535 0.0029525074642151594
0.46948540210723877 0.9042047262191772 0.02744176983833313 0.025530993938446045 0.0029338188469409943
0.39604201912879944 0.731899082660675 0.0343705415725708 0.024974822998046875 0.00292874313890934
0.40834134817123413 0.514578640460968 0.05509099364280701 0.04869481921195984 0.002780772978439927
0.426052451133728 0.924500584602356 0.03522852063179016 0.0318945050239563 0.002764975419268012
0.4575777053833008 0.44458919763565063 0.02573871612548828 0.029382407665252686 0.0027619213797152042
0.44851547479629517 0.6671707630157471 0.01851692795753479 0.017326772212982178 0.0027596373111009598
0.5914969444274902 0.22905707359313965 0.032501220703125 0.02797655761241913 0.0027484113816171885
0.6026816368103027 0.5600012540817261 0.01672077178955078 0.01494818925857544 0.002734985202550888
0.5297104120254517 0.9015029072761536 0.03020632266998291 0.03328859806060791 0.002734805690124631
0.31776928901672363 0.559037983417511 0.0325779914855957 0.03526461124420166 0.002657615579664707
0.40875244140625 0.5197410583496094 0.05522423982620239 0.05836617946624756 0.0026395893655717373
0.547713041305542 0.6305270195007324 0.02298027276992798 0.02001190185546875 0.0025896020233631134
0.5574101209640503 0.8307012319564819 0.034900963306427 0.034750401973724365 0.002588843461126089
0.3486711382865906 0.601320743560791 0.024393349885940552 0.021507084369659424 0.0025654754135757685
0.3587760925292969 0.6579544544219971 0.03580111265182495 0.027795255184173584 0.002508903620764613
0.3974510729312897 0.6985213756561279 0.03679734468460083 0.031159579753875732 0.002506046090275049
0.6418867111206055 0.4678422808647156 0.014989018440246582 0.013731211423873901 0.0024821078404784203
0.6145911812782288 0.558239758014679 0.014836549758911133 0.014207720756530762 0.0024519371800124645
0.7531932592391968 0.5049562454223633 0.022823870182037354 0.02214336395263672 0.0024503679014742374
0.38073036074638367 0.8062583208084106 0.03437089920043945 0.02916109561920166 0.0024108262732625008
0.4400672912597656 0.7922700047492981 0.033616840839385986 0.02816903591156006 0.0023988639004528522
0.5190740823745728 0.8843179941177368 0.023923873901367188 0.023447036743164062 0.0023956524673849344
0.3649669289588928 0.6840854287147522 0.028204739093780518 0.02729940414428711 0.002392294118180871
0.44197866320610046 0.6123008728027344 0.042504310607910156 0.04384934902191162 0.002374824834987521
0.365032434463501 0.6778901219367981 0.02953416109085083 0.03401374816894531 0.0023473005276173353
0.29714667797088623 0.5754204988479614 0.0458071231842041 0.032600998878479004 0.0023410331923514605
0.5232654809951782 0.5118758082389832 0.03399240970611572 0.034401386976242065 0.0023396082688122988
0.46760645508766174 0.8959639072418213 0.031272053718566895 0.02510601282119751 0.0023305914364755154
0.3457126319408417 0.8025367259979248 0.026793479919433594 0.035296857357025146 0.0022914097644388676
0.3389022946357727 0.5702990293502808 0.028497695922851562 0.02285844087600708 0.002268780954182148
0.5341153144836426 0.8448587656021118 0.0434497594833374 0.03545171022415161 0.002261010929942131
0.4454265832901001 0.7931565046310425 0.03635767102241516 0.02831512689590454 0.0022603224497288465
0.3738143742084503 0.5545883178710938 0.022193610668182373 0.02013486623764038 0.0022581126540899277
0.5234388113021851 0.8503040671348572 0.03558456897735596 0.03183555603027344 0.002242571208626032
0.3982846140861511 0.8945946097373962 0.0394531786441803 0.03488922119140625 0.002234779065474868
0.3040001392364502 0.6162204742431641 0.04408493638038635 0.035318970680236816 0.0021965233609080315
0.33864402770996094 0.7849469184875488 0.04243704676628113 0.04217427968978882 0.0021682768128812313
0.2535771429538727 0.3321625292301178 0.02781134843826294 0.02595686912536621 0.0021538720466196537
0.6526001691818237 0.48348456621170044 0.025287508964538574 0.02663630247116089 0.002150295302271843
0.4283839166164398 0.6123049855232239 0.0397944450378418 0.043447256088256836 0.0021028807386755943
0.25701653957366943 0.6105047464370728 0.030046984553337097 0.02841508388519287 0.002061407081782818
0.4860003590583801 0.35971108078956604 0.013872623443603516 0.012595295906066895 0.0019893592689186335
0.47131961584091187 0.8919165134429932 0.033475011587142944 0.026469051837921143 0.001982175512239337
0.6793785095214844 0.510576605796814 0.03692626953125 0.04292452335357666 0.001980671426281333
0.27406758069992065 0.5374987125396729 0.03946521878242493 0.030975520610809326 0.0018982160836458206
0.507394552230835 0.15208619832992554 0.013665974140167236 0.01351870596408844 0.001881189993582666
0.315121054649353 0.571447491645813 0.02107173204421997 0.022078871726989746 0.001878008944913745
0.3448413908481598 0.8195204138755798 0.03496384620666504 0.025730133056640625 0.0018327230354771018
0.3516032099723816 0.5209306478500366 0.03359609842300415 0.02893143892288208 0.0018269844586029649
0.398763507604599 0.5289629101753235 0.04489469528198242 0.04411435127258301 0.0018078413559123874
0.28044071793556213 0.5226922035217285 0.033261120319366455 0.028608620166778564 0.0017966998275369406
0.3631628155708313 0.6386566162109375 0.028194427490234375 0.0351262092590332 0.0017874600598588586
0.24178484082221985 0.6413730978965759 0.030919551849365234 0.02922964096069336 0.0017539465334266424
0.59377521276474 0.6893402338027954 0.028806686401367188 0.02603280544281006 0.0017485046992078424
0.45842307806015015 0.7593913078308105 0.022015661001205444 0.020675063133239746 0.00165063445456326
0.5849534273147583 0.5020043849945068 0.02279442548751831 0.020030438899993896 0.0016441834159195423
0.3536435663700104 0.6463029980659485 0.038427650928497314 0.02338540554046631 0.0015788715099915862
0.4789334237575531 0.8887354135513306 0.047183215618133545 0.038043975830078125 0.0015644811792299151
0.30855777859687805 0.6623907089233398 0.01830112934112549 0.018907010555267334 0.001563110388815403
0.39356929063796997 0.7357310056686401 0.03129085898399353 0.029486119747161865 0.0015570037066936493
0.347609281539917 0.5212446451187134 0.033168256282806396 0.03420180082321167 0.0015514777041971684
0.19272513687610626 0.6210377812385559 0.027269452810287476 0.02965986728668213 0.0015290043083950877
0.5959044098854065 0.651771068572998 0.021473169326782227 0.02552318572998047 0.001524678897112608
0.4214589595794678 0.8036681413650513 0.027173519134521484 0.03189122676849365 0.0015240837819874287
0.2918151617050171 0.7873063087463379 0.035116106271743774 0.04186469316482544 0.001486178720369935
0.824749767780304 0.1194533109664917 0.03667759895324707 0.04226481914520264 0.0014826335245743394
0.5289497375488281 0.5279906392097473 0.02864748239517212 0.018339157104492188 0.0014645353658124804
0.6812804341316223 0.5048094987869263 0.027295470237731934 0.0332813560962677 0.0014618670102208853
0.3907983899116516 0.5532243251800537 0.03272360563278198 0.030142247676849365 0.0014382860390469432
